0.470287 -0.881978 0.0307321 -0.808676 0.882511 0.469933 -0.0183322 0.319555 0.00172665 0.0357429 0.99936 -0.799723
0.471525 -0.881291 0.0314559 -0.373427 0.881852 0.471202 -0.0174548 1.15929 0.000560744 0.0359699 0.999353 -0.78894
0.472639 -0.880741 0.030101 0.065062 0.881251 0.472252 -0.0193308 2.00279 0.00281029 0.0356631 0.99936 -0.782299
0.473598 -0.880337 0.0266759 0.507434 0.880705 0.47309 -0.0233164 2.85222 0.00790621 0.0345362 0.999372 -0.776778
0.474739 -0.879762 0.0253321 0.953059 0.880052 0.474126 -0.0267088 3.70543 0.0114868 0.0349733 0.999322 -0.767943
0.475413 -0.879322 0.0278353 1.40273 0.879699 0.47476 -0.0270582 4.56307 0.0105779 0.0373506 0.999246 -0.751885
0.475125 -0.879342 0.0318339 1.8554 0.879899 0.474566 -0.0237628 5.42408 0.00578839 0.039301 0.999211 -0.733634
0.474261 -0.879619 0.0366932 2.30958 0.880382 0.473768 -0.0217019 6.28885 0.0017054 0.0425965 0.999091 -0.716057
0.4734 -0.879777 0.0434034 2.76879 0.880845 0.472724 -0.0253614 7.15365 0.00179457 0.0502379 0.998736 -0.705033
0.472146 -0.880417 0.0440784 3.22727 0.881501 0.471219 -0.0301404 8.02321 0.00576563 0.0530859 0.998573 -0.70088
0.470927 -0.881201 0.0413823 3.6842 0.882113 0.469834 -0.0336498 8.89906 0.0102094 0.0523505 0.998577 -0.694047
0.469275 -0.882141 0.040092 4.14962 0.882973 0.468141 -0.0346749 9.79599 0.0118195 0.0516723 0.998594 -0.67174
0.468265 -0.882626 0.0412058 4.63318 0.883534 0.467215 -0.0328173 10.7344 0.00971353 0.051774 0.998612 -0.621746
0.467234 -0.883228 0.0399854 5.10906 0.884108 0.466403 -0.0286486 11.6623 0.00665406 0.0487371 0.99879 -0.579943
0.466068 -0.883832 0.0402524 5.58484 0.884731 0.465288 -0.0275429 12.591 0.00561444 0.0484495 0.99881 -0.54065
0.465091 -0.884328 0.0406601 6.05649 0.885256 0.464418 -0.0252578 13.5101 0.00345293 0.0477418 0.998854 -0.509896
0.464881 -0.884326 0.0430425 6.52683 0.885373 0.464351 -0.022201 14.4322 -0.00035387 0.0484296 0.998827 -0.477616
0.464386 -0.88478 0.0388485 6.98725 0.88563 0.464038 -0.0180792 15.3457 -0.00203105 0.0428012 0.999082 -0.459618
0.464406 -0.884795 0.0382733 7.44753 0.885619 0.46409 -0.0173115 16.2605 -0.00244507 0.0419351 0.999117 -0.441443
0.464329 -0.884858 0.0377344 7.906 0.885662 0.463945 -0.0189035 17.1651 -0.000779743 0.0421974 0.999109 -0.430267
0.464581 -0.884864 0.034351 8.3593 0.885528 0.464144 -0.0202369 18.0675 0.0019631 0.0398205 0.999205 -0.416263
0.463801 -0.885278 0.0341981 8.814 0.885936 0.463354 -0.0204973 18.9609 0.00230002 0.039804 0.999205 -0.395569
0.462599 -0.885806 0.0367437 9.26916 0.886567 0.462162 -0.0201054 19.8516 0.000827927 0.0418766 0.999123 -0.375175
0.4618 -0.88621 0.0370389 9.7185 0.886984 0.461402 -0.0191599 20.7407 -0.000110075 0.041701 0.99913 -0.353676
0.461578 -0.886459 0.0336849 10.1614 0.887097 0.461166 -0.019591 21.6257 0.00183233 0.0389246 0.999241 -0.33716
0.461072 -0.886833 0.0306469 10.6016 0.887334 0.460509 -0.0238611 22.5065 0.00704773 0.0381958 0.999245 -0.325142
0.460666 -0.887076 0.0297018 11.0444 0.887536 0.460078 -0.0246693 23.3851 0.00821848 0.0377258 0.999254 -0.31034
0.460314 -0.887196 0.0315137 11.4876 0.887741 0.45981 -0.0221324 24.2607 0.00514555 0.0381639 0.999258 -0.284555
0.459973 -0.887226 0.0354064 11.9272 0.88793 0.459511 -0.0207228 25.1315 0.00211622 0.0409704 0.999158 -0.263321
0.459697 -0.887301 0.0370926 12.365 0.888075 0.459244 -0.0204372 25.9995 0.00109944 0.042336 0.999103 -0.245752
0.459591 -0.887258 0.03935 12.8004 0.888128 0.459045 -0.0224846 26.8608 0.0018863 0.0452816 0.998973 -0.232305
0.459177 -0.887375 0.0414943 13.2404 0.888337 0.458481 -0.0255344 27.7218 0.00363425 0.0485858 0.998812 -0.220326
0.458126 -0.887835 0.0432389 13.6745 0.888882 0.457418 -0.0256296 28.5773 0.00297665 0.050176 0.998736 -0.206674
0.457032 -0.888163 0.0478217 14.1094 0.889449 0.456445 -0.0231898 29.4342 -0.00123162 0.0531335 0.998587 -0.191914
0.45635 -0.888276 0.0520641 14.538 0.889776 0.455991 -0.0192617 30.2922 -0.00663097 0.0551155 0.998458 -0.181118
0.455782 -0.888571 0.0519937 14.9604 0.890047 0.455566 -0.0166265 31.1458 -0.00891271 0.0538549 0.998509 -0.174479
0.454535 -0.889354 0.0494716 15.3837 0.890705 0.454223 -0.0180244 31.9904 -0.00644108 0.0522574 0.998613 -0.170129
0.453476 -0.890164 0.0443531 15.805 0.891267 0.452821 -0.0244189 32.8227 0.00165287 0.0506038 0.998717 -0.17077
0.452678 -0.890744 0.040718 16.222 0.89164 0.451793 -0.0293307 33.6454 0.00773013 0.0495832 0.99874 -0.164725
0.451486 -0.891528 0.0365693 16.6272 0.892251 0.450771 -0.0263469 34.463 0.00700469 0.0445243 0.998984 -0.150387
0.450602 -0.89204 0.0349419 17.0282 0.892714 0.450065 -0.022412 35.2675 0.00426638 0.0412921 0.999138 -0.128591
0.449323 -0.892747 0.0333307 17.4216 0.893366 0.448907 -0.0194739 36.0601 0.00242299 0.0385266 0.999255 -0.107452
0.448238 -0.893312 0.0328064 17.8087 0.893908 0.447796 -0.0201723 36.8408 0.00332966 0.0383679 0.999258 -0.0932958
0.446762 -0.894082 0.0319512 18.1876 0.894649 0.446371 -0.0188593 37.6101 0.00259973 0.0370108 0.999312 -0.078301
0.445396 -0.894792 0.0311425 18.5601 0.895331 0.445048 -0.0177114 38.3677 0.00198817 0.0357715 0.999358 -0.0614554
0.44393 -0.895499 0.0317385 18.9269 0.89606 0.44361 -0.0169119 39.1135 0.0010651 0.0359473 0.999353 -0.0452439
0.442606 -0.896126 0.0325278 19.288 0.896716 0.442297 -0.0165309 39.8492 0.000426863 0.0364849 0.999334 -0.0316284
0.441289 -0.896807 0.0316394 19.6403 0.897363 0.441085 -0.0135617 40.5722 -0.0017934 0.0343767 0.999407 -0.0174294
0.440115 -0.897363 0.0322236 19.9861 0.897919 0.440071 -0.00883561 41.2871 -0.00625187 0.0328229 0.999442 -0.00297362
0.438385 -0.898251 0.031052 20.3295 0.898749 0.438421 -0.00598702 41.9849 -0.00823596 0.0305326 0.9995 0.012453
0.437044 -0.899044 0.0266909 20.6577 0.899426 0.437007 -0.00754178 42.6682 -0.00488367 0.0273027 0.999615 0.0233939
0.436051 -0.899644 0.0223507 20.9781 0.899918 0.435847 -0.0135635 43.335 0.00246092 0.0260283 0.999658 0.03174
0.434779 -0.900304 0.0204538 21.2883 0.9005 0.434444 -0.0189052 43.9841 0.0081345 0.0266383 0.999612 0.0387834
0.434359 -0.900545 0.0187113 21.5885 0.900678 0.433992 -0.0207442 44.6176 0.0105606 0.0258633 0.99961 0.0520545
0.433638 -0.900904 0.0181561 21.8775 0.901056 0.433368 -0.0170073 45.2304 0.00745373 0.0237347 0.999691 0.0754098
0.432439 -0.901467 0.0187887 22.1595 0.901653 0.432242 -0.0137218 45.8227 0.00424852 0.0228748 0.999729 0.104538
0.431291 -0.901991 0.0199985 22.4348 0.902186 0.431002 -0.0172445 46.3967 0.00693509 0.0254798 0.999651 0.124164
0.431283 -0.901881 0.0246144 22.7045 0.90214 0.430731 -0.0247734 46.9537 0.0117406 0.03289 0.99939 0.140851
0.432177 -0.90142 0.0257903 22.9641 0.901623 0.431371 -0.0315462 47.4955 0.0173112 0.0368867 0.99917 0.158433
0.434714 -0.900243 0.0242034 23.214 0.900386 0.433928 -0.0317967 48.0255 0.0181222 0.0356149 0.999201 0.178007
0.438096 -0.898693 0.0205456 23.4575 0.898804 0.437542 -0.0266198 48.5427 0.0149335 0.0301286 0.999435 0.2011
0.442116 -0.89666 0.0230973 23.6996 0.896881 0.441597 -0.0243939 49.0432 0.0116734 0.0315006 0.999436 0.222806
0.446695 -0.894219 0.028895 23.945 0.894654 0.446172 -0.0229227 49.5275 0.00760587 0.0360905 0.99932 0.247191
0.453597 -0.890536 0.0345569 24.1844 0.891201 0.453117 -0.0210971 50.0007 0.00312948 0.0403668 0.99918 0.272212
0.46271 -0.885921 0.032294 24.4175 0.886504 0.462273 -0.0203297 50.4622 0.00308186 0.0380356 0.999272 0.286618
0.475546 -0.879272 0.0271362 24.6411 0.879685 0.475211 -0.0180949 50.9173 0.00301501 0.0324763 0.999468 0.298626
0.491165 -0.870764 0.0229481 24.8672 0.871064 0.490937 -0.0150982 51.3568 0.00188091 0.027405 0.999623 0.309928
0.509567 -0.860099 0.0238918 25.0999 0.860431 0.509345 -0.0150369 51.7774 0.000764031 0.0282196 0.999602 0.320115
0.531248 -0.846777 0.0272635 25.338 0.847215 0.531012 -0.015871 52.1816 -0.00103802 0.0315296 0.999502 0.333018
0.555293 -0.831141 0.0292109 25.5823 0.831647 0.555094 -0.0152839 52.5734 -0.00351169 0.0327803 0.999456 0.344755
0.581749 -0.812806 0.0302293 25.8336 0.813345 0.581611 -0.0140828 52.9551 -0.00613506 0.0327795 0.999444 0.354913
0.611078 -0.790979 0.0305834 26.0953 0.791529 0.610986 -0.0133557 53.3237 -0.00812195 0.032369 0.999443 0.361975
0.642853 -0.765391 0.0302654 26.366 0.765932 0.642788 -0.0131142 53.6811 -0.00941675 0.0316118 0.999456 0.365785
0.676427 -0.735883 0.0303498 26.6483 0.736428 0.676389 -0.0130693 54.0205 -0.0109107 0.0311909 0.999454 0.371064
0.71156 -0.702076 0.0277546 26.9418 0.702542 0.711528 -0.012766 54.3403 -0.0107854 0.0285826 0.999533 0.376377
0.748253 -0.662925 0.0254243 27.247 0.663341 0.748186 -0.0140066 54.6417 -0.00973671 0.0273455 0.999579 0.37999
0.785197 -0.618777 0.0240672 27.5631 0.619172 0.785108 -0.0151842 54.9208 -0.00949967 0.0268244 0.999595 0.380006
0.821112 -0.570326 0.0224451 27.8901 0.57069 0.821013 -0.0158233 55.1763 -0.00940329 0.025802 0.999623 0.376604
0.855368 -0.517605 0.0207362 28.2274 0.517943 0.855248 -0.0169308 55.4082 -0.00897113 0.0252223 0.999642 0.37181
0.886994 -0.461335 0.0202599 28.5758 0.461697 0.886812 -0.0200086 55.6126 -0.00873605 0.0271016 0.999595 0.369484
0.914799 -0.403434 0.0195749 28.9318 0.403799 0.914606 -0.0210358 55.7923 -0.00941681 0.0271479 0.999587 0.37101
0.938628 -0.344304 0.0207833 29.2963 0.344713 0.938471 -0.0211003 55.9481 -0.0122396 0.0269697 0.999561 0.37321
0.958433 -0.284449 0.0222349 29.6719 0.28487 0.95838 -0.0188494 56.0785 -0.0159478 0.0244 0.999575 0.371077
0.974247 -0.224306 0.0230119 30.0524 0.224747 0.974236 -0.0187804 56.1846 -0.0182064 0.0234687 0.999559 0.366123
0.986097 -0.164679 0.0222147 30.4408 0.165157 0.986029 -0.0216912 56.261 -0.0183322 0.0250586 0.999518 0.358835
0.994026 -0.10696 0.0217258 30.8287 0.107537 0.993822 -0.0274342 56.3135 -0.0186572 0.0296067 0.999388 0.353696
0.998458 -0.0516355 0.0203774 31.2174 0.0521553 0.998304 -0.0258582 56.345 -0.0190076 0.0268811 0.999458 0.348774
0.99981 0.00254441 0.019304 31.6103 -0.00213736 0.999775 -0.0210774 56.3599 -0.0193533 0.0210322 0.999591 0.341228
0.998428 0.0531908 0.0176696 32.0045 -0.0528518 0.998419 -0.0191289 56.3529 -0.0186592 0.018165 0.999661 0.332842
0.994927 0.0993 0.0160978 32.393 -0.0988833 0.994787 -0.0248945 56.3197 -0.0184859 0.0231765 0.999561 0.326209
0.989806 0.141509 0.0160901 32.7829 -0.140793 0.98926 -0.0392567 56.2624 -0.0214725 0.0365912 0.9991 0.320821
0.983788 0.178533 0.0169213 33.1692 -0.177623 0.983058 -0.0452355 56.1918 -0.0247107 0.0414966 0.998833 0.31489
0.977177 0.211937 0.0144001 33.5609 -0.211175 0.976536 -0.0422186 56.1174 -0.0230099 0.0382142 0.999005 0.304588
0.969972 0.242892 0.0125112 33.9546 -0.242432 0.969696 -0.0302707 56.037 -0.0194846 0.0263287 0.999463 0.297171
0.962456 0.271211 0.0110308 34.348 -0.270913 0.962331 -0.0229088 55.9402 -0.0168285 0.0190604 0.999677 0.295231
0.955115 0.296108 0.00861659 34.7445 -0.295853 0.954959 -0.0228973 55.8222 -0.0150086 0.0193204 0.999701 0.291512
0.947734 0.319024 0.00480459 35.1417 -0.318782 0.947429 -0.0275111 55.6874 -0.0133287 0.0245416 0.99961 0.285954
0.94101 0.338338 -0.00512191 35.547 -0.338318 0.940458 -0.0328596 55.5338 -0.00630074 0.0326541 0.999447 0.261322
0.934121 0.356696 -0.0136054 35.96 -0.356953 0.93359 -0.0315279 55.3759 0.00145599 0.0343074 0.99941 0.235666
0.927586 0.373345 -0.0140362 36.3843 -0.373601 0.927155 -0.0283678 55.2094 0.00242274 0.0315576 0.999499 0.227102
0.921688 0.38785 -0.0079726 36.8172 -0.387918 0.92129 -0.0272569 55.0291 -0.00322654 0.0282152 0.999597 0.234318
0.915886 0.401412 -0.00456623 37.2536 -0.401372 0.915472 -0.0284625 54.8337 -0.00724495 0.0279013 0.999584 0.240793
0.910327 0.413874 -0.00342388 37.6967 -0.413774 0.909851 -0.0310209 54.6253 -0.00972355 0.0296559 0.999513 0.243228
0.905307 0.424735 -0.00439437 38.1471 -0.424623 0.904713 -0.0344945 54.4034 -0.0106754 0.0330942 0.999395 0.240491
0.900773 0.43424 -0.00648711 38.609 -0.434169 0.900073 -0.0369614 54.1696 -0.0102113 0.0361104 0.999296 0.2364
0.896977 0.442 -0.00817588 39.0825 -0.44197 0.896205 -0.0384479 53.925 -0.00966674 0.0381005 0.999227 0.232233
0.894261 0.447449 -0.00927919 39.5683 -0.447445 0.893429 -0.0397219 53.6687 -0.00948329 0.0396738 0.999168 0.226577
0.891621 0.452649 -0.0109772 40.0681 -0.452703 0.890746 -0.0403957 53.4038 -0.00850723 0.0409871 0.999124 0.217645
0.888721 0.458289 -0.0120338 40.5852 -0.458383 0.88785 -0.0400997 53.1279 -0.00769312 0.0411537 0.999123 0.206602
0.88655 0.462444 -0.0131984 41.118 -0.462567 0.885586 -0.042059 52.8394 -0.00776161 0.0433927 0.999028 0.199023
0.884887 0.465598 -0.0139065 41.6588 -0.465737 0.88385 -0.0435667 52.536 -0.00799336 0.0450285 0.998954 0.190186
0.883247 0.468695 -0.0141134 42.2173 -0.468831 0.882162 -0.0445784 52.2241 -0.00844339 0.0459906 0.998906 0.182328
0.881743 0.47151 -0.0143531 42.7878 -0.471641 0.880583 -0.0461379 51.8983 -0.00911548 0.0474514 0.998832 0.173698
0.88103 0.472779 -0.016296 43.3715 -0.472967 0.879652 -0.0501396 51.5639 -0.00937023 0.051882 0.998609 0.165174
0.881084 0.472617 -0.0179789 43.9655 -0.472862 0.879499 -0.0536891 51.2176 -0.00956203 0.0558063 0.998396 0.154809
0.881862 0.47113 -0.0188658 44.5777 -0.47141 0.880161 -0.0555734 50.8656 -0.00957733 0.0579017 0.998276 0.144218
0.883301 0.468365 -0.0203309 45.2055 -0.468718 0.881464 -0.0576593 50.5084 -0.00908464 0.06046 0.998129 0.134052
0.885037 0.465064 -0.0206066 45.8487 -0.465433 0.883143 -0.05857 50.1434 -0.00904031 0.0614276 0.998071 0.124024
0.886797 0.461734 -0.019779 46.5107 -0.462038 0.884782 -0.0606793 49.7783 -0.0105177 0.062949 0.997961 0.11927
0.888592 0.458323 -0.0185192 47.1867 -0.458545 0.886536 -0.061553 49.4098 -0.0117933 0.0631875 0.997932 0.114405
0.890457 0.45481 -0.0152572 47.8807 -0.454855 0.888522 -0.0602976 49.0394 -0.0138677 0.0606323 0.998064 0.106829
0.89228 0.451276 -0.013643 48.5821 -0.451236 0.890387 -0.0599732 48.6683 -0.0149169 0.0596692 0.998107 0.0978215
0.894074 0.447723 -0.0132058 49.2943 -0.4477 0.892329 -0.0575671 48.2967 -0.0139903 0.0573816 0.998254 0.0886702
0.895573 0.444661 -0.0149896 50.0127 -0.444783 0.893986 -0.0543852 47.9266 -0.0107825 0.0553731 0.998408 0.0803101
0.896186 0.443322 -0.0177688 50.7396 -0.443651 0.894968 -0.0469538 47.5576 -0.00491319 0.0499625 0.998739 0.0688933
0.896031 0.443578 -0.0191281 51.4692 -0.443985 0.894987 -0.0432997 47.1856 -0.00208744 0.0472905 0.998879 0.0611784
0.896063 0.443554 -0.0181667 52.1999 -0.443922 0.895124 -0.0410543 46.8127 -0.00194833 0.0448519 0.998992 0.0634681
0.89604 0.44374 -0.014352 52.9306 -0.443946 0.895175 -0.0396691 46.4404 -0.00475522 0.0419167 0.99911 0.0720353
0.895972 0.443884 -0.0141713 53.6596 -0.444078 0.895067 -0.0406206 46.0662 -0.00534662 0.0426882 0.999074 0.0773727
0.896056 0.443774 -0.0121339 54.3877 -0.443892 0.895218 -0.0393131 45.6908 -0.00658368 0.040613 0.999153 0.0830518
0.895915 0.444082 -0.0112442 55.1146 -0.444173 0.89514 -0.0378713 45.3142 -0.00675284 0.0389239 0.999219 0.0911909
0.895947 0.444031 -0.0107232 55.8406 -0.444119 0.895272 -0.0352981 44.9419 -0.00607325 0.0363877 0.999319 0.0946149
0.895415 0.445111 -0.0103345 56.5661 -0.445202 0.894853 -0.0321341 44.5698 -0.00505542 0.0333744 0.99943 0.0970758
0.894198 0.447582 -0.00891354 57.2916 -0.44764 0.893725 -0.0295508 44.1992 -0.00526017 0.0304144 0.999524 0.101091
0.892482 0.451036 -0.00645644 58.015 -0.451032 0.892078 -0.0276883 43.8262 -0.00672881 0.0276234 0.999596 0.106604
0.890282 0.455398 -0.00314893 58.7378 -0.455312 0.889927 -0.0268286 43.4514 -0.00941543 0.0253189 0.999635 0.114446
0.887386 0.461027 -6.69993e-06 59.4575 -0.460872 0.887087 -0.0259359 43.0712 -0.0119512 0.0230183 0.999664 0.120538
0.88393 0.467617 0.000546288 60.1721 -0.467456 0.883655 -0.0252619 42.6863 -0.0122957 0.0220744 0.999681 0.123515
0.879821 0.475305 2.14973e-05 60.8801 -0.475168 0.879566 -0.0240437 42.2985 -0.011447 0.021144 0.999711 0.12335
0.87497 0.484176 -0.000852884 61.5826 -0.484055 0.874711 -0.0238972 41.9019 -0.0108245 0.0213223 0.999714 0.122997
0.869951 0.493136 -0.000671166 62.2777 -0.492997 0.869672 -0.0249749 41.5022 -0.0117324 0.0220579 0.999688 0.125414
0.864564 0.502522 0.00110226 62.9641 -0.502346 0.864315 -0.0246623 41.099 -0.0133461 0.0207685 0.999695 0.128073
0.858885 0.512167 0.00122934 63.6459 -0.51197 0.858617 -0.0257611 40.6874 -0.0142496 0.0214965 0.999667 0.126815
0.853119 0.521714 0.00110949 64.3184 -0.521515 0.852849 -0.0258852 40.27 -0.0144509 0.0215046 0.999664 0.124582
0.84727 0.531161 0.000549058 64.9817 -0.530978 0.847004 -0.0254221 39.8495 -0.0139683 0.0212479 0.999677 0.122587
0.841489 0.540274 -0.000169576 65.6374 -0.540117 0.841237 -0.0243488 39.4237 -0.0130124 0.0205809 0.999704 0.119413
0.835827 0.548991 -0.00135795 66.2824 -0.548859 0.835565 -0.0241684 38.995 -0.0121336 0.0209459 0.999707 0.116152
0.830497 0.557018 -0.00235644 66.9156 -0.556903 0.830223 -0.0242579 38.5634 -0.0115558 0.0214585 0.999703 0.114232
0.825066 0.565027 -0.00300794 67.5378 -0.564923 0.824785 -0.0243337 38.1283 -0.0112683 0.0217762 0.999699 0.113987
0.819629 0.572884 -0.00333753 68.1509 -0.572782 0.819339 -0.0245677 37.6936 -0.0113399 0.0220482 0.999693 0.112875
0.814571 0.580051 -0.0037985 68.7522 -0.579944 0.814252 -0.0256429 37.2559 -0.0117813 0.0230909 0.999664 0.113478
0.810141 0.586224 -0.003537 69.3429 -0.586085 0.809782 -0.0275262 36.8176 -0.0132724 0.0243732 0.999615 0.115139
0.806929 0.590635 -0.00375657 69.921 -0.590454 0.806487 -0.0306909 36.3808 -0.0150976 0.0269835 0.999522 0.119344
0.804469 0.593982 -0.00388407 70.4925 -0.593745 0.803923 -0.0342625 35.9444 -0.0172289 0.0298693 0.999405 0.120026
0.802674 0.596406 -0.00378647 71.054 -0.596122 0.802061 -0.0365579 35.5135 -0.0187664 0.0316013 0.999324 0.118427
0.801571 0.597889 -0.00346441 71.6015 -0.597578 0.800939 -0.0373726 35.0914 -0.0195699 0.0320272 0.999295 0.11576
0.800925 0.598753 -0.00371758 72.1394 -0.598444 0.800278 -0.0376902 34.6756 -0.019592 0.0324118 0.999283 0.111809
0.801273 0.598276 -0.00516619 72.6618 -0.598011 0.800591 -0.0378841 34.2691 -0.0185292 0.033445 0.999269 0.10717
0.802903 0.596071 -0.00676539 73.1701 -0.595857 0.802182 -0.0381742 33.8743 -0.0173275 0.0346814 0.999248 0.102908
0.805738 0.592224 -0.00751497 73.666 -0.592045 0.805013 -0.0379036 33.4934 -0.0163978 0.0349896 0.999253 0.0993907
0.810189 0.586119 -0.00760243 74.1477 -0.58596 0.809486 -0.0371837 33.1298 -0.0156401 0.0345806 0.99928 0.0969698
0.816406 0.577431 -0.00736291 74.616 -0.577283 0.815731 -0.0364298 32.7809 -0.0150296 0.033992 0.999309 0.0960952
0.824018 0.566516 -0.00725666 75.07 -0.566375 0.823348 -0.0362859 32.4496 -0.0145819 0.0340103 0.999315 0.0965762
0.833319 0.552737 -0.00776312 75.5133 -0.552642 0.832685 -0.0349618 32.1399 -0.0128605 0.0334246 0.999359 0.0958061
0.844417 0.535604 -0.00932871 75.9554 -0.535596 0.843832 -0.0329168 31.8453 -0.00975857 0.032792 0.999415 0.0977967
0.856909 0.515346 -0.0111607 76.3962 -0.515432 0.856394 -0.0303214 31.5638 -0.00606812 0.0317353 0.999478 0.099753
0.870887 0.49134 -0.0118895 76.8382 -0.49147 0.870424 -0.0286176 31.293 -0.00371208 0.030766 0.99952 0.101435
0.886307 0.462962 -0.0111912 77.2828 -0.463087 0.885867 -0.0281085 31.0362 -0.00309932 0.0300953 0.999542 0.105192
0.902907 0.429743 -0.00892718 77.7291 -0.429812 0.902443 -0.0292906 30.7956 -0.00453118 0.0302837 0.999531 0.111681
0.919992 0.391904 -0.00505127 78.1797 -0.39187 0.919523 -0.0302484 30.5752 -0.00720973 0.0298078 0.99953 0.120456
0.936566 0.35049 0.000390469 78.6327 -0.350313 0.936127 -0.0307666 30.377 -0.0111489 0.0286782 0.999527 0.130068
0.952363 0.304914 0.00565669 79.0928 -0.304629 0.952018 -0.0293739 30.1965 -0.0143418 0.0262515 0.999553 0.139019
0.966913 0.254944 0.00901724 79.554 -0.254618 0.96665 -0.0275295 30.0472 -0.015735 0.0243228 0.99958 0.147883
0.979661 0.200404 0.0101129 80.0127 -0.200069 0.979401 -0.0273019 29.9211 -0.0153761 0.0247234 0.999576 0.151006
0.990019 0.140677 0.00850588 80.4698 -0.140359 0.989629 -0.0305519 29.8189 -0.0127156 0.0290532 0.999497 0.153758
0.997062 0.0764472 0.00471952 80.9232 -0.0762559 0.996564 -0.0323277 29.7464 -0.00717468 0.0318729 0.999466 0.154462
0.999951 0.00988039 -0.000179683 81.3758 -0.00988057 0.999326 -0.0353546 29.7042 -0.000169758 0.0353548 0.999375 0.155259
0.998313 -0.0579494 -0.00341333 81.8248 0.0578005 0.99775 -0.0339724 29.6963 0.00537433 0.0337179 0.999417 0.154728
0.992028 -0.125889 -0.00571065 82.2703 0.125638 0.991537 -0.0327006 29.7206 0.00977897 0.0317225 0.999449 0.155854
0.981068 -0.193536 -0.00695271 82.7115 0.193198 0.980575 -0.0338582 29.7743 0.0133704 0.031874 0.999403 0.160452
0.965727 -0.259502 -0.00534345 83.1462 0.259154 0.965171 -0.0358284 29.8569 0.0144549 0.0332157 0.999344 0.170968
0.946127 -0.323794 -0.000158321 83.572 0.323586 0.945538 -0.0353467 29.969 0.0115948 0.0333913 0.999375 0.186637
0.922292 -0.386428 0.00709173 83.9869 0.386438 0.921698 -0.0337375 30.1117 0.00650069 0.0338564 0.999406 0.20603
0.895205 -0.44547 0.0127756 84.3916 0.445647 0.894673 -0.0309766 30.2871 0.00236918 0.0334239 0.999438 0.22313
0.865875 -0.499896 0.019068 84.7886 0.500253 0.865436 -0.027714 30.4892 -0.00264795 0.0335357 0.999434 0.237748
0.835947 -0.548337 0.0227916 85.1767 0.548769 0.83567 -0.0225196 30.7201 -0.00669788 0.0313326 0.999487 0.252459
0.807065 -0.589976 0.0239324 85.5536 0.590402 0.806895 -0.0185702 30.9776 -0.00835496 0.0291172 0.999541 0.261434
0.780641 -0.624591 0.0220333 85.9228 0.624897 0.780626 -0.0112668 31.2656 -0.0101626 0.0225639 0.999694 0.262699
0.756832 -0.653352 0.0183528 86.2822 0.653563 0.756814 -0.00934581 31.5696 -0.00778354 0.019068 0.999788 0.256331
0.735013 -0.677857 0.0162834 86.6401 0.678024 0.73499 -0.00850431 31.8871 -0.00620337 0.0172914 0.999831 0.25047
0.718478 -0.695256 0.0201903 86.9957 0.695529 0.718377 -0.0132008 32.2152 -0.00532628 0.0235275 0.999709 0.251007
0.706935 -0.706909 0.022847 87.348 0.707256 0.706799 -0.014942 32.5569 -0.00558558 0.0267218 0.999627 0.256698
0.697532 -0.716271 0.0201205 87.7009 0.716537 0.697431 -0.0128171 32.914 -0.00485212 0.0233575 0.999715 0.254085
0.690362 -0.723282 0.0162327 88.0574 0.723448 0.690323 -0.00881347 33.2861 -0.00483111 0.017828 0.999829 0.245158
0.685738 -0.727773 0.0104021 88.4162 0.72784 0.685729 -0.00500714 33.6687 -0.00348893 0.0110047 0.999933 0.241162
0.683586 -0.729859 0.00380774 88.7827 0.729869 0.683575 -0.00394672 34.0621 0.000277718 0.00547712 0.999985 0.240491
0.682905 -0.730506 0.00117073 89.1568 0.730503 0.682895 -0.00444212 34.4606 0.00244556 0.00388881 0.99999 0.246382
0.684489 -0.729023 0.000235583 89.5402 0.729005 0.684469 -0.00731801 34.8668 0.0051738 0.00518088 0.999973 0.251095
0.687562 -0.726123 -0.00204244 89.9347 0.726027 0.687512 -0.0145686 35.2811 0.0119828 0.00853398 0.999892 0.248618
0.690619 -0.723203 -0.00461926 90.3353 0.723013 0.690562 -0.0193862 35.7015 0.0172101 0.0100487 0.999801 0.248025
0.693787 -0.720137 -0.00782579 90.746 0.719988 0.693812 -0.0155477 36.1351 0.0166262 0.00515238 0.999849 0.256822
0.697883 -0.716162 -0.00836725 91.1639 0.716099 0.697933 -0.00956419 36.5779 0.0126893 0.000682959 0.999919 0.270914
0.701463 -0.712694 -0.0040861 91.5979 0.71266 0.701471 -0.00736165 37.0214 0.00811293 0.00225197 0.999965 0.287217
0.704181 -0.710017 0.00223763 92.0441 0.710017 0.704164 -0.00533364 37.4679 0.00221136 0.00534465 0.999983 0.303742
0.706678 -0.707502 0.00685274 92.4989 0.70753 0.706677 -0.00301014 37.9225 -0.00271295 0.00697577 0.999972 0.316945
0.708984 -0.705142 0.010731 92.9613 0.705212 0.708979 -0.00498807 38.3838 -0.00409071 0.0111042 0.99993 0.322956
0.709431 -0.704673 0.0119312 93.4344 0.704773 0.709363 -0.00995873 38.8476 -0.00144588 0.0154739 0.999879 0.325551
0.709282 -0.704859 0.00955582 93.9133 0.70491 0.709117 -0.015945 39.3193 0.00446285 0.0180456 0.999827 0.325628
0.708855 -0.705341 0.00426088 94.3969 0.705244 0.708626 -0.0218949 39.8017 0.012424 0.0185253 0.999751 0.323833
0.707186 -0.707027 -0.000761978 94.8908 0.706824 0.707008 -0.023217 40.2931 0.0169538 0.0158802 0.99973 0.325182
0.705392 -0.708814 0.00199077 95.3931 0.708692 0.705212 -0.0207502 40.7937 0.0133041 0.0160479 0.999783 0.336686
0.704152 -0.709992 0.00897191 95.9053 0.710023 0.703962 -0.0174557 41.3049 0.00607754 0.0186618 0.999807 0.357129
0.702305 -0.711764 0.0126436 96.4228 0.711876 0.702213 -0.0114081 41.824 -0.000758585 0.0170126 0.999855 0.376742
0.700923 -0.713162 0.010315 96.9424 0.713236 0.70086 -0.00940982 42.3545 -0.000518607 0.0139526 0.999903 0.384452
0.699545 -0.714579 0.0036025 97.4666 0.714577 0.699495 -0.00930001 42.8955 0.00412571 0.00908008 0.99995 0.384635
0.696932 -0.717136 -0.000227593 98.0006 0.717073 0.696874 -0.0131286 43.441 0.00957363 0.00898658 0.999914 0.384673
0.693949 -0.720023 -0.00148129 98.5411 0.719907 0.693871 -0.0166474 43.996 0.0130144 0.0104861 0.99986 0.389627
0.691196 -0.722667 0.000784672 99.0887 0.722574 0.691089 -0.0168037 44.561 0.0116013 0.0121817 0.999859 0.403285
0.688578 -0.725147 0.00470771 99.6411 0.72509 0.688403 -0.0185584 45.1333 0.0102168 0.0161924 0.999817 0.42022
0.687167 -0.726461 0.00740677 100.2 0.726462 0.686993 -0.0171061 45.7172 0.00733861 0.0171356 0.999826 0.437776
0.68602 -0.727497 0.0111015 100.77 0.727567 0.685827 -0.016955 46.3183 0.00472107 0.0197086 0.999795 0.450833
0.685523 -0.72788 0.015751 101.342 0.728042 0.685255 -0.0194757 46.9205 0.00338259 0.0248185 0.999686 0.462475
0.685052 -0.728318 0.0160031 101.917 0.728491 0.684822 -0.0178889 47.5305 0.00206954 0.023913 0.999712 0.474285
0.68539 -0.728081 0.0117143 102.491 0.728166 0.685209 -0.0162111 48.1452 0.0037763 0.0196409 0.9998 0.482126
0.685824 -0.727746 0.00554781 103.069 0.727734 0.6857 -0.014786 48.7647 0.00695634 0.014178 0.999875 0.487777
0.686354 -0.727267 -0.000965867 103.65 0.727218 0.686323 -0.0106859 49.3855 0.00843442 0.00663194 0.999942 0.493358
0.6882 -0.725496 -0.0059749 104.233 0.725478 0.688226 -0.00509468 50.0138 0.00780829 -0.000828454 0.999969 0.504981
0.690579 -0.723223 -0.00688695 104.821 0.723239 0.690598 -0.000373987 50.6418 0.00502664 -0.00472261 0.999976 0.521884
0.692385 -0.721489 -0.00752017 105.416 0.721507 0.692407 -0.000495355 51.2668 0.00556445 -0.00508284 0.999972 0.534705
0.69388 -0.720032 -0.00916935 106.013 0.720037 0.693928 -0.00331406 51.895 0.00874914 -0.00430267 0.999952 0.541113
0.694622 -0.719367 -0.00342421 106.621 0.719332 0.694624 -0.00756927 52.5307 0.00782366 0.00279468 0.999966 0.545358
0.694942 -0.719064 0.00140405 107.229 0.719021 0.694876 -0.0124724 53.1597 0.00799288 0.0096772 0.999921 0.55395
0.696008 -0.718028 0.0026431 107.834 0.717989 0.69592 -0.0136603 53.789 0.00796916 0.0114055 0.999903 0.564434
0.696754 -0.717309 0.0012448 108.436 0.717283 0.696712 -0.00981535 54.4204 0.00617341 0.00773181 0.999951 0.572518
0.697424 -0.716652 0.00288103 109.038 0.716657 0.697412 -0.00422077 55.0509 0.00101561 0.00500842 0.999987 0.583001
0.698127 -0.715965 0.00351394 109.641 0.715955 0.698136 0.00363484 55.675 -0.00505559 -2.17119e-05 0.999987 0.598051
0.699028 -0.715093 0.00077575 110.239 0.715093 0.699026 -0.00180712 56.2817 0.000750036 0.00181801 0.999998 0.61054
0.699345 -0.714773 -0.00398294 110.84 0.714645 0.699307 -0.0158672 56.8794 0.0141268 0.00825029 0.999866 0.619528
0.699034 -0.715054 -0.00697635 111.443 0.714644 0.69891 -0.0284367 57.4742 0.0252096 0.0148926 0.999571 0.631866
0.698441 -0.715662 -0.00265683 112.045 0.715401 0.698278 -0.024674 58.0744 0.0195135 0.0153327 0.999692 0.659431
0.697558 -0.716409 0.0130674 112.646 0.716525 0.697492 -0.00983071 58.6782 -0.00207156 0.0162207 0.999866 0.701594
0.696399 -0.717226 0.0248042 113.244 0.71738 0.696673 0.00360049 59.2794 -0.0198628 0.0152867 0.999686 0.739489
0.696009 -0.717738 0.0205639 113.835 0.717873 0.696173 0.00115473 59.8736 -0.0151448 0.0139586 0.999788 0.737513
0.695328 -0.718662 0.00656752 114.422 0.718692 0.695292 -0.00708555 60.463 0.000525817 0.00964685 0.999953 0.71444
0.69454 -0.719453 0.000965251 115.01 0.719388 0.694459 -0.0144211 61.05 0.009705 0.0107105 0.999896 0.700724
0.6932 -0.72074 0.00284831 115.599 0.720656 0.693046 -0.0185034 61.6367 0.0113622 0.0148793 0.999825 0.710792
0.69125 -0.722598 0.00501882 116.177 0.722572 0.691115 -0.0158087 62.231 0.00795478 0.0145543 0.999862 0.724081
0.688697 -0.725035 0.00450801 116.748 0.724985 0.688541 -0.0175469 62.8235 0.00961821 0.0153528 0.999836 0.721927
0.685171 -0.728376 0.00299736 117.317 0.728283 0.685004 -0.0193003 63.4123 0.0120047 0.015407 0.999809 0.715016
0.682814 -0.730592 0.000168174 117.877 0.730509 0.682732 -0.015271 64.0064 0.0110421 0.0105501 0.999883 0.72025
0.681148 -0.732125 -0.00553187 118.437 0.732032 0.681156 -0.0124732 64.6025 0.0129 0.00444661 0.999907 0.719853
0.679774 -0.733398 -0.00586562 118.997 0.733346 0.679797 -0.00890617 65.1983 0.0105192 0.00175269 0.999943 0.730027
0.678735 -0.73438 -0.00198506 119.557 0.734359 0.678733 -0.0061413 65.792 0.00585742 0.00271062 0.999979 0.743207
0.677776 -0.735268 -0.000725918 120.114 0.735249 0.677766 -0.00648231 66.3843 0.00525828 0.00385987 0.999979 0.753003
0.675902 -0.73699 -0.00123242 120.668 0.736938 0.675872 -0.0108852 66.9795 0.00885531 0.00644917 0.99994 0.758553
0.672604 -0.740002 0.000593799 121.217 0.739909 0.672506 -0.0164278 67.5669 0.0117573 0.0114888 0.999865 0.761671
0.66777 -0.744364 0.00209036 121.764 0.744238 0.6676 -0.0204802 68.1639 0.0138493 0.0152319 0.999788 0.770272
0.662735 -0.748835 0.00522805 122.304 0.748791 0.662575 -0.0174963 68.7681 0.00963795 0.0155102 0.999833 0.786983
0.658047 -0.752889 0.0114593 122.841 0.752976 0.657954 -0.0111426 69.3751 0.000849469 0.015961 0.999872 0.808665
0.654732 -0.75561 0.0194348 123.368 0.755819 0.654749 -0.00636722 69.9899 -0.00791375 0.0188581 0.999791 0.822188
0.651572 -0.758409 0.0164056 123.889 0.758494 0.651678 0.00155241 70.6058 -0.0118685 0.0114321 0.999864 0.825774
0.648247 -0.761346 0.011275 124.405 0.761397 0.648286 -0.000260091 71.2233 -0.00711139 0.00875343 0.999936 0.821553
0.642994 -0.765849 0.00570392 124.924 0.765864 0.642941 -0.00885597 71.8361 0.0031151 0.0100628 0.999945 0.811698
0.63797 -0.770048 0.00443993 125.443 0.769998 0.637834 -0.0164378 72.4565 0.00982596 0.0139056 0.999855 0.805128
0.632824 -0.774274 0.00578646 125.959 0.774235 0.632663 -0.0172314 73.0839 0.00968102 0.0153846 0.999835 0.812485
0.626786 -0.779186 0.00261936 126.472 0.779168 0.626739 -0.00970563 73.7198 0.00592089 0.00812432 0.99995 0.828052
0.620622 -0.784106 -0.0024224 126.978 0.78408 0.620622 -0.00683783 74.3604 0.00686503 0.00234439 0.999974 0.835299
0.612831 -0.790177 -0.0075271 127.484 0.790114 0.612878 -0.0100143 74.9977 0.0125263 0.000189825 0.999922 0.836635
0.605954 -0.79546 -0.00789689 127.985 0.795349 0.606003 -0.0134531 75.6398 0.015487 0.00187123 0.999878 0.837834
0.599498 -0.800343 -0.0071841 128.483 0.80025 0.599539 -0.0123138 76.2914 0.0141625 0.00163306 0.999898 0.846192
0.593193 -0.805037 -0.00609832 128.968 0.805027 0.59322 -0.00464469 76.9529 0.00735685 -0.00215408 0.999971 0.857294
0.586699 -0.809785 -0.00558201 129.449 0.809803 0.586698 0.0020511 77.6215 0.00161405 -0.00572368 0.999982 0.870914
0.580535 -0.814229 -0.00308187 129.925 0.814232 0.580518 0.00496863 78.2894 -0.00225647 -0.00539379 0.999983 0.881707
0.575311 -0.817931 -0.00220549 130.399 0.817926 0.57529 0.00619362 78.9598 -0.00379711 -0.00536715 0.999978 0.888156
0.571684 -0.82047 -0.00235514 130.868 0.820469 0.57167 0.00488008 79.6361 -0.00265755 -0.00472215 0.999985 0.893484
0.567998 -0.822981 -0.00893369 131.332 0.823022 0.568006 0.00193408 80.3143 0.00348273 -0.00845115 0.999958 0.894645
0.565024 -0.824886 -0.017634 131.788 0.825024 0.565096 0.00102906 80.9965 0.00911613 -0.0151299 0.999844 0.892579
0.562735 -0.826387 -0.0203409 132.241 0.826539 0.562877 -0.00153939 81.6824 0.0127216 -0.0159463 0.999792 0.891976
0.56017 -0.828163 -0.0188161 132.702 0.828348 0.560196 0.00434816 82.3726 0.00693979 -0.018022 0.999814 0.899429
0.558378 -0.829436 -0.0157836 133.157 0.829583 0.558219 0.0135279 83.0689 -0.0024098 -0.0206474 0.999784 0.908578
0.555663 -0.831316 -0.012339 133.613 0.831339 0.555365 0.0210929 83.762 -0.0106822 -0.0219784 0.999701 0.918088
0.551721 -0.833945 -0.01175 134.065 0.833983 0.55149 0.0181636 84.4506 -0.00866735 -0.0198205 0.999766 0.915421
0.547395 -0.836841 -0.00744631 134.518 0.836874 0.54737 0.00523136 85.1354 -0.000301876 -0.00909522 0.999959 0.907083
0.541629 -0.840592 -0.00652195 134.968 0.840588 0.541658 -0.00422576 85.8231 0.00708486 -0.00319345 0.99997 0.893722
0.535794 -0.8443 -0.0090096 135.407 0.844329 0.535823 -0.000961697 86.5202 0.00563957 -0.00709177 0.999959 0.890604
0.529557 -0.848259 -0.0049767 135.845 0.848274 0.529553 0.00225724 87.2227 0.000720756 -0.00541691 0.999985 0.896795
0.523259 -0.852173 0.000966807 136.285 0.852164 0.523258 0.00413145 87.9274 -0.00402655 -0.00133791 0.999991 0.902144
0.518316 -0.855138 0.00931712 136.722 0.855166 0.518351 0.00171898 88.6411 -0.00629946 0.00707674 0.999955 0.901979
0.513111 -0.858212 0.0136994 137.158 0.858292 0.513161 0.000140592 89.3599 -0.00715062 0.011686 0.999906 0.903172
0.5079 -0.861302 0.0139611 137.585 0.861414 0.507865 -0.00622735 90.0811 -0.00172669 0.0151892 0.999883 0.899173
0.50188 -0.864798 0.0155136 138.009 0.864896 0.5016 -0.0187578 90.8002 0.0084401 0.0228318 0.999704 0.88916
0.495905 -0.868098 0.0219806 138.435 0.868224 0.495186 -0.0312648 91.52 0.0162565 0.0345885 0.999269 0.888247
0.490329 -0.871201 0.0242134 138.852 0.871496 0.489845 -0.0233714 92.2523 0.00850043 0.0325616 0.999434 0.898867
0.485605 -0.8739 0.0220503 139.259 0.874167 0.485572 -0.00722698 92.9971 -0.0043913 0.0227852 0.999731 0.91348
0.481203 -0.876359 0.0209393 139.662 0.876509 0.481371 0.00359499 93.7429 -0.01323 0.0166236 0.999774 0.926081
0.477743 -0.878262 0.0203916 140.063 0.878423 0.47788 0.00212553 94.487 -0.0116115 0.016897 0.99979 0.922382
0.476229 -0.879206 0.0141994 140.459 0.87932 0.476187 -0.00638829 95.2337 -0.00114488 0.0155281 0.999879 0.908295
0.473859 -0.8806 9.7478e-05 140.851 0.880555 0.473834 -0.0101867 95.9835 0.00892425 0.00491291 0.999948 0.896465
0.472114 -0.881535 -0.0018706 141.247 0.881449 0.472095 -0.0131632 96.7358 0.012487 0.00456573 0.999912 0.89771
0.469716 -0.882802 0.00530189 141.652 0.882771 0.46962 -0.013124 97.4871 0.00909607 0.0108449 0.9999 0.912309
0.469316 -0.882976 0.00969264 142.051 0.88303 0.469287 -0.00523624 98.2438 7.48923e-05 0.0110164 0.999939 0.928829
0.469548 -0.882836 0.0111525 142.447 0.882885 0.469588 0.0011639 99.0065 -0.00626456 0.00929988 0.999937 0.944616
0.46811 -0.883594 0.0115666 142.847 0.883656 0.468136 -0.000526722 99.7647 -0.00494929 0.0104675 0.999933 0.953329
0.466364 -0.884551 0.0085594 143.244 0.884589 0.466312 -0.00737092 100.521 0.00252866 0.0110091 0.999936 0.955763
0.464556 -0.885464 0.0118134 143.646 0.885431 0.464244 -0.0220839 101.274 0.0140702 0.0207192 0.999686 0.95664
0.462623 -0.886343 0.0193572 144.048 0.886341 0.461921 -0.032062 102.026 0.0194765 0.0319898 0.999299 0.968221
0.461532 -0.886892 0.0202604 144.445 0.886995 0.460956 -0.0275562 102.786 0.0151004 0.030689 0.999415 0.988311
0.460324 -0.887519 0.0202962 144.836 0.887732 0.460047 -0.0169549 103.547 0.00571065 0.0258224 0.99965 1.01664
0.458753 -0.888318 0.0208884 145.222 0.888564 0.458627 -0.0107341 104.3 -4.46187e-05 0.023485 0.999724 1.0381
0.457931 -0.888741 0.0209229 145.609 0.888979 0.4577 -0.0150234 105.049 0.00377559 0.0254798 0.999668 1.04584
0.457919 -0.88882 0.0175581 145.998 0.888936 0.457574 -0.0204767 105.795 0.0101661 0.0249847 0.999636 1.04884
0.45771 -0.889036 0.010761 146.377 0.889021 0.457473 -0.0189735 106.547 0.0119453 0.0182512 0.999762 1.05648
0.457292 -0.88926 0.00998058 146.758 0.889283 0.457148 -0.0138214 107.295 0.00772831 0.015196 0.999855 1.07414
0.456522 -0.889673 0.00830168 147.139 0.8897 0.456446 -0.00954428 108.04 0.00470208 0.0117432 0.99992 1.09131
0.456199 -0.88985 0.00699816 147.517 0.889876 0.456169 -0.00556003 108.785 0.00175531 0.00876401 0.99996 1.10286
0.455724 -0.890114 0.00343895 147.89 0.890119 0.455711 -0.00386059 109.529 0.00186925 0.00482047 0.999987 1.11117
0.455215 -0.890373 0.00383649 148.262 0.890372 0.455187 -0.00650366 110.27 0.00404442 0.0063765 0.999972 1.11997
0.45435 -0.890823 -0.000737381 148.629 0.890768 0.454331 -0.0107444 111.002 0.00990639 0.00422489 0.999942 1.12141
0.453244 -0.891383 -0.00228601 148.992 0.891318 0.45324 -0.0111991 111.732 0.0110189 0.00303841 0.999935 1.1253
0.455756 -0.8901 -0.00265269 149.315 0.890028 0.455754 -0.0117314 112.368 0.0116512 0.00298572 0.999928 1.12852
0.458439 -0.88872 -0.00297917 149.636 0.888641 0.458439 -0.0122819 113.001 0.012281 0.00298312 0.99992 1.13169
0.461119 -0.887332 -0.00330907 149.957 0.887244 0.461121 -0.0128305 113.633 0.0129109 0.00298047 0.999912 1.13487
0.463794 -0.885935 -0.00364221 150.278 0.88584 0.463798 -0.013377 114.265 0.0135405 0.00297778 0.999904 1.13804
0.466463 -0.884531 -0.00397862 150.599 0.884427 0.466471 -0.0139214 114.897 0.0141699 0.00297505 0.999895 1.14121
0.46913 -0.883118 -0.00431842 150.92 0.883005 0.46914 -0.0144639 115.529 0.0147993 0.00297227 0.999886 1.14439
0.471791 -0.881698 -0.0046615 151.241 0.881575 0.471805 -0.0150043 116.162 0.0154286 0.00296944 0.999877 1.14756
0.474448 -0.880269 -0.00500787 151.562 0.880137 0.474466 -0.0155426 116.794 0.0160578 0.00296657 0.999867 1.15073
0.477101 -0.878832 -0.00535752 151.883 0.87869 0.477122 -0.0160788 117.426 0.0166868 0.00296366 0.999856 1.15391
0.479749 -0.877387 -0.00571043 152.204 0.877234 0.479774 -0.0166129 118.059 0.0173157 0.00296069 0.999846 1.15708
0.482393 -0.875934 -0.00606657 152.525 0.875771 0.482422 -0.0171449 118.691 0.0179445 0.00295769 0.999835 1.16025
0.485031 -0.874473 -0.00642589 152.846 0.874299 0.485065 -0.0176746 119.323 0.018573 0.00295463 0.999823 1.16342
0.487665 -0.873004 -0.00678843 153.167 0.872819 0.487704 -0.0182022 119.955 0.0192014 0.00295153 0.999811 1.1666
0.490294 -0.871527 -0.0071542 153.488 0.871331 0.490338 -0.0187276 120.587 0.0198296 0.00294838 0.999799 1.16977
0.492918 -0.870043 -0.00752309 153.809 0.869835 0.492967 -0.0192506 121.219 0.0204576 0.00294518 0.999786 1.17294
0.495536 -0.868551 -0.00789506 154.13 0.868331 0.495591 -0.0197714 121.851 0.0210852 0.00294194 0.999773 1.17611
0.501567 -0.865086 -0.00751326 154.443 0.864875 0.501613 -0.0193754 122.431 0.0205302 0.00322006 0.999784 1.18498
0.506756 -0.862088 -0.00179771 154.762 0.86196 0.506715 -0.0162816 122.992 0.0149471 0.00670126 0.999866 1.20304
0.511903 -0.85901 0.00754312 155.088 0.859004 0.511776 -0.0140036 123.547 0.00816888 0.0136481 0.999874 1.22752
0.516766 -0.856013 0.0139372 155.415 0.856102 0.516558 -0.0160271 124.094 0.0065201 0.020214 0.999774 1.24505
0.519864 -0.854131 0.0141576 155.742 0.854233 0.519684 -0.0146124 124.64 0.00512351 0.0196904 0.999793 1.25636
0.520798 -0.853597 0.0119073 156.071 0.853668 0.520664 -0.0126416 125.186 0.00459122 0.0167486 0.999849 1.26307
0.520858 -0.853555 0.0122524 156.404 0.853636 0.520742 -0.0114943 125.736 0.00343069 0.0164461 0.999859 1.26693
0.519912 -0.854112 0.0135707 156.738 0.85422 0.519837 -0.00883025 126.291 0.000487528 0.0161833 0.999869 1.27431
0.519969 -0.854071 0.0139234 157.073 0.854181 0.519945 -0.00561358 126.854 -0.00244495 0.014812 0.999887 1.27864
0.519991 -0.854158 0.00484057 157.4 0.854171 0.519972 -0.00460994 127.42 0.00142071 0.00653183 0.999978 1.27484
0.519327 -0.854565 -0.00417149 157.73 0.854513 0.519341 -0.00960217 127.989 0.0103722 0.0014221 0.999945 1.2682
0.517552 -0.855617 -0.00770889 158.065 0.855443 0.517604 -0.0174254 128.556 0.0188997 0.00242407 0.999819 1.26632
0.514661 -0.857378 -0.00514567 158.407 0.857035 0.51461 -0.0258345 129.126 0.024798 0.00888603 0.999653 1.26769
0.511276 -0.859412 -0.00288693 158.746 0.859201 0.51122 -0.0207021 129.702 0.0192675 0.00810407 0.999782 1.27547
0.507732 -0.861506 -0.00392873 159.079 0.861481 0.507747 -0.00657349 130.289 0.00765795 -4.69247e-05 0.999971 1.29626
0.504134 -0.863602 0.00626699 159.418 0.863603 0.50416 0.00351054 130.88 -0.00619123 0.00364244 0.999974 1.32205
0.500361 -0.865642 0.0174058 159.761 0.865635 0.500567 0.0104417 131.47 -0.0177515 0.00984247 0.999794 1.33857
