0.470287 -0.881978 0.0307321 -0.808676 0.882511 0.469933 -0.0183322 0.319555 0.00172665 0.0357429 0.99936 -0.799723
0.471968 -0.880993 0.0331138 -0.374723 0.881615 0.471621 -0.0180982 1.14664 0.000327239 0.0377354 0.999288 -0.788376
0.473739 -0.879986 0.0345659 0.0700701 0.880661 0.473255 -0.0215687 2.02049 0.00262168 0.0406588 0.99917 -0.785423
0.474735 -0.879514 0.0328846 0.500583 0.880102 0.474099 -0.025504 2.88514 0.00684066 0.0410495 0.999134 -0.773197
0.476482 -0.878679 0.029781 0.961417 0.879126 0.475792 -0.0275202 3.70773 0.0100119 0.0392942 0.999177 -0.755921
0.47682 -0.878584 0.0270455 1.44148 0.87895 0.476243 -0.0252358 4.56034 0.00929163 0.0358046 0.999315 -0.738745
0.476519 -0.878722 0.0278555 1.91533 0.879151 0.476113 -0.020191 5.4326 0.00447999 0.0341107 0.999407 -0.723746
0.475487 -0.879084 0.0334877 2.38486 0.87972 0.475097 -0.0193331 6.28538 0.00108562 0.0386525 0.999251 -0.71605
0.475074 -0.878901 0.0428355 2.86078 0.879943 0.474452 -0.0243605 7.154 0.00108725 0.0492659 0.998784 -0.707241
0.474006 -0.879216 0.0479047 3.29076 0.880509 0.473052 -0.030356 7.97236 0.00402817 0.0565696 0.99839 -0.697204
0.472866 -0.87996 0.0454476 3.779 0.881095 0.471753 -0.0334296 8.88357 0.00797685 0.0558514 0.998407 -0.679954
0.470896 -0.881171 0.0423524 4.24773 0.882139 0.469836 -0.0328803 9.76579 0.00907457 0.0528439 0.998561 -0.671152
0.470092 -0.881694 0.0403397 4.71372 0.882577 0.469172 -0.030508 10.6286 0.00797257 0.0499444 0.99872 -0.6473
0.468844 -0.882379 0.0399 5.17306 0.88326 0.468083 -0.0272912 11.5459 0.00540473 0.0480373 0.99883 -0.637521
0.467876 -0.883005 0.0373226 5.65807 0.883781 0.467272 -0.0241524 12.4835 0.00388703 0.0442853 0.999011 -0.612444
0.466889 -0.883477 0.038511 6.11931 0.88431 0.466385 -0.0218001 13.3619 0.00129909 0.0442338 0.99902 -0.606048
0.466795 -0.883559 0.0377645 6.59277 0.884359 0.466451 -0.0180944 14.2179 -0.00162765 0.0418436 0.999123 -0.59147
0.466242 -0.883786 0.0392674 7.01846 0.884642 0.465995 -0.0158704 15.0846 -0.00427221 0.0421368 0.999103 -0.592406
0.466311 -0.883763 0.0389815 7.50595 0.884606 0.466067 -0.015779 16.0224 -0.00422297 0.0418409 0.999116 -0.584165
0.466155 -0.88385 0.0388826 7.9905 0.884693 0.465858 -0.0170294 16.9511 -0.00306219 0.0423372 0.999099 -0.569315
0.466669 -0.883785 0.0338773 8.44523 0.884427 0.466361 -0.0170736 17.8264 -0.000709566 0.0379293 0.999281 -0.558691
0.465942 -0.884215 0.0326566 8.89884 0.884811 0.465653 -0.0165312 18.7049 -0.00058945 0.0365971 0.999331 -0.548517
0.46473 -0.884799 0.0340981 9.35313 0.885447 0.46446 -0.0160596 19.5436 -0.00162758 0.037655 0.999291 -0.539316
0.463976 -0.885128 0.0357982 9.83363 0.88584 0.463726 -0.0156157 20.4484 -0.00277862 0.0389564 0.999239 -0.536791
0.463881 -0.885194 0.0354184 10.2318 0.885894 0.463548 -0.0177201 21.2598 -0.000732311 0.0395965 0.999218 -0.515212
0.463298 -0.885692 0.0302432 10.7321 0.886192 0.46289 -0.0198949 22.2032 0.00362148 0.0360181 0.999348 -0.508226
0.46279 -0.88604 0.0277471 11.1521 0.886449 0.462374 -0.020425 23.0556 0.00526782 0.0340484 0.99941 -0.486079
0.462651 -0.886081 0.0287345 11.5881 0.886533 0.462319 -0.0178532 23.8868 0.00253489 0.0337334 0.999431 -0.483851
0.462658 -0.885931 0.0329745 12.0477 0.886533 0.462392 -0.0158723 24.7339 -0.00118534 0.036576 0.999335 -0.464685
0.462389 -0.886038 0.0338689 12.4845 0.886671 0.462149 -0.0152245 25.5891 -0.00216292 0.0370698 0.999315 -0.450778
0.462233 -0.885986 0.0372006 12.9146 0.886754 0.461901 -0.0177099 26.4397 -0.00149222 0.0411735 0.999156 -0.440802
0.461938 -0.885997 0.0404787 13.3561 0.886909 0.461468 -0.0209473 27.2709 -0.000120414 0.0455769 0.998967 -0.429128
0.461147 -0.886359 0.0415608 13.7952 0.88732 0.460707 -0.0202994 28.1402 -0.00115481 0.0462382 0.998937 -0.421711
0.460079 -0.886732 0.0452853 14.265 0.887862 0.459754 -0.0180878 29.0434 -0.00478097 0.0485284 0.998818 -0.417945
0.459112 -0.886805 0.053025 14.7103 0.888319 0.458943 -0.0161456 29.8957 -0.0100173 0.0545153 0.998471 -0.414162
0.458082 -0.887235 0.0547195 15.1332 0.888816 0.458053 -0.0139128 30.7229 -0.0127203 0.0550084 0.998413 -0.417417
0.457595 -0.887707 0.0510254 15.5764 0.889098 0.457478 -0.0147474 31.58 -0.0102515 0.0521145 0.998597 -0.390618
0.456439 -0.888558 0.0463705 15.9906 0.889747 0.455989 -0.0205899 32.408 -0.00284923 0.0506555 0.998722 -0.382129
0.456206 -0.888894 0.042043 16.415 0.889867 0.455563 -0.0244595 33.2218 0.00258844 0.0485707 0.998826 -0.37667
0.456081 -0.889223 0.0360309 16.8023 0.889933 0.455609 -0.0209945 34.0483 0.00225255 0.0416396 0.999141 -0.372992
0.454594 -0.89006 0.0341333 17.1806 0.890696 0.454273 -0.0172522 34.8382 -0.000150553 0.0382445 0.999279 -0.362166
0.453373 -0.890673 0.0344045 17.5837 0.891317 0.453117 -0.015533 35.6355 -0.00175455 0.0377068 0.999299 -0.350262
0.452862 -0.890934 0.0344081 17.992 0.891577 0.452608 -0.0154645 36.4206 -0.00179568 0.0376801 0.9993 -0.338
0.451072 -0.891868 0.0337238 18.3398 0.892482 0.45086 -0.0142504 37.1459 -0.00249544 0.0365251 0.999342 -0.330632
0.449781 -0.89256 0.0326752 18.7527 0.893132 0.449613 -0.012904 37.9543 -0.00317378 0.0349864 0.999396 -0.315347
0.448565 -0.893164 0.0329018 19.1063 0.89374 0.448421 -0.0122353 38.6759 -0.00382583 0.0348932 0.999397 -0.302731
0.447282 -0.893761 0.0341766 19.4943 0.894378 0.447166 -0.0115859 39.4521 -0.00492765 0.0357482 0.999363 -0.295855
0.446186 -0.894375 0.0324209 19.8292 0.894908 0.446189 -0.007754 40.126 -0.00753089 0.0324726 0.999459 -0.289559
0.444822 -0.895053 0.032471 20.1773 0.89555 0.44495 -0.00379771 40.8311 -0.0110487 0.0307679 0.999481 -0.292599
0.443185 -0.895876 0.0321802 20.5047 0.89633 0.443392 -0.00100768 41.5263 -0.0133655 0.0292898 0.999497 -0.283249
0.442041 -0.896537 0.0294238 20.8713 0.896929 0.442176 -0.00234186 42.2595 -0.0109108 0.0274253 0.99958 -0.250945
0.441307 -0.896961 0.02748 21.1929 0.897349 0.441225 -0.00954445 42.9321 -0.0035641 0.0288702 0.999594 -0.249761
0.440556 -0.897404 0.0249553 21.4802 0.897721 0.440305 -0.01533 43.5294 0.00276872 0.0291557 0.999588 -0.250671
0.439936 -0.897811 0.0209989 21.7233 0.898019 0.439699 -0.0153103 44.0387 0.004512 0.0255919 0.99968 -0.253356
0.439364 -0.89812 0.0197578 22.0706 0.898309 0.439228 -0.0112628 44.7615 0.00143668 0.022696 0.99976 -0.244991
0.4382 -0.898649 0.0214623 22.3482 0.898878 0.438116 -0.00901418 45.3289 -0.00130274 0.0232409 0.999748 -0.230157
0.437229 -0.899069 0.0235934 22.5132 0.89935 0.437041 -0.013119 45.7154 0.00148306 0.0269536 0.999655 -0.211565
0.437604 -0.898772 0.0276397 22.888 0.899149 0.437187 -0.0201704 46.4259 0.00604406 0.0336778 0.999434 -0.19322
0.438309 -0.898397 0.0286513 23.1286 0.898761 0.43768 -0.025919 46.942 0.0107444 0.0371101 0.999273 -0.184361
0.441132 -0.89711 0.0254755 23.4181 0.897373 0.440569 -0.0250655 47.5057 0.0112618 0.0339171 0.999381 -0.177977
0.444907 -0.895329 0.0223204 23.6396 0.895535 0.44451 -0.0208763 48.0013 0.00876859 0.0292755 0.999553 -0.17513
0.448958 -0.893211 0.0257876 23.8874 0.893537 0.448592 -0.0190842 48.4514 0.0054773 0.031609 0.999505 -0.167612
0.453745 -0.890635 0.030662 24.1594 0.891132 0.453457 -0.0163843 49.0267 0.000687937 0.034757 0.999416 -0.153482
0.459599 -0.887406 0.0365441 24.4335 0.888121 0.459371 -0.015088 49.481 -0.00339852 0.0393889 0.999239 -0.139967
0.469976 -0.882024 0.0347999 24.6547 0.882667 0.46982 -0.0132665 49.8933 -0.00464864 0.0369505 0.999327 -0.120518
0.480057 -0.876746 0.0303078 24.966 0.877224 0.479961 -0.0110962 50.3878 -0.00481839 0.0319124 0.9995 -0.115819
0.495126 -0.868486 0.0252721 25.2402 0.868799 0.49512 -0.00724173 50.8133 -0.00622359 0.0255407 0.999676 -0.115599
0.513598 -0.857655 0.0265012 25.4931 0.857995 0.513625 -0.00664453 51.1723 -0.0079131 0.0261493 0.999648 -0.11581
0.534788 -0.844459 0.0307727 25.7644 0.844926 0.534839 -0.00754662 51.4844 -0.0100857 0.0300353 0.999519 -0.114364
0.5603 -0.827661 0.0331169 25.9882 0.82818 0.560439 -0.00613073 51.8367 -0.0134857 0.0308607 0.999454 -0.102518
0.586375 -0.809318 0.0349556 26.2588 0.809867 0.586608 -0.00467189 52.2183 -0.0167239 0.0310478 0.999399 -0.101439
0.615759 -0.787165 0.0355752 26.5486 0.787705 0.616054 -0.00371994 52.5272 -0.0189877 0.0303123 0.999381 -0.1034
0.649 -0.759984 0.0356838 26.7757 0.760491 0.649357 -0.00257224 52.8432 -0.0212162 0.0288055 0.999381 -0.107123
0.68296 -0.729556 0.0369002 27.1023 0.730083 0.683369 -0.00263005 53.0836 -0.0232971 0.0287353 0.999337 -0.114975
0.718392 -0.694791 0.0349706 27.3623 0.695239 0.718792 -0.0023306 53.3469 -0.0235166 0.0259861 0.999407 -0.127252
0.755788 -0.653971 0.0338717 27.6139 0.654397 0.756162 -0.00341128 53.5545 -0.0233809 0.0247425 0.999442 -0.126503
0.79209 -0.609538 0.0330669 27.9425 0.609937 0.792461 -0.00388788 53.78 -0.0238337 0.023247 0.999467 -0.130731
0.827651 -0.560328 0.0325494 28.2849 0.5607 0.828031 -0.00413275 53.97 -0.0246354 0.0216696 0.999483 -0.137887
0.862185 -0.505645 0.0314419 28.5518 0.505992 0.862548 -0.00492287 54.1212 -0.0246302 0.0201525 0.999515 -0.160794
0.893136 -0.448652 0.0323012 28.8959 0.449061 0.893495 -0.0075 54.2715 -0.0254952 0.0212024 0.999472 -0.161767
0.920187 -0.390178 0.0322126 29.278 0.390569 0.920569 -0.00770395 54.4122 -0.0266471 0.019669 0.999473 -0.161152
0.943328 -0.330099 0.0343763 29.6585 0.330486 0.943814 -0.00696587 54.4902 -0.0301442 0.0179306 0.999406 -0.150581
0.962521 -0.26867 0.0371745 29.9677 0.269001 0.963158 -0.00482908 54.5533 -0.0345061 0.0146467 0.999318 -0.162161
0.977476 -0.207567 0.038277 30.3344 0.207892 0.978169 -0.00530252 54.6159 -0.0363392 0.0131392 0.999274 -0.186413
0.988313 -0.147647 0.0379974 30.7679 0.148048 0.988975 -0.00855741 54.6732 -0.0363135 0.0140815 0.999262 -0.20642
0.995214 -0.0895642 0.0391206 31.1752 0.0901284 0.995873 -0.0134352 54.6919 -0.0377542 0.0168955 0.999165 -0.209612
0.998696 -0.0334517 0.0385711 31.6037 0.0338953 0.999394 -0.0113919 54.7225 -0.038165 0.0126831 0.999212 -0.198325
0.999023 0.0214947 0.0386063 31.9974 -0.0212161 0.999777 -0.00804728 54.7146 -0.0387689 0.00721889 0.999243 -0.212267
0.996675 0.0726796 0.0368098 32.4379 -0.0725079 0.997383 -0.00639487 54.7249 -0.0371764 0.00370305 0.999322 -0.228659
0.992173 0.119672 0.0356473 32.8474 -0.119313 0.992815 -0.0124138 54.7122 -0.0368751 0.0080619 0.999308 -0.283813
0.986059 0.162374 0.0363622 33.3306 -0.161494 0.98656 -0.0262731 54.6483 -0.0401379 0.0200332 0.999014 -0.293308
0.978757 0.20145 0.038107 33.6698 -0.200304 0.979244 -0.0321181 54.5582 -0.0437844 0.0238016 0.998778 -0.279826
0.971491 0.234109 0.0374056 34.1472 -0.233106 0.97204 -0.0295439 54.4955 -0.0432743 0.0199808 0.998884 -0.271209
0.96354 0.265151 0.0358665 34.5626 -0.264664 0.96421 -0.0180174 54.3904 -0.0393582 0.00786631 0.999215 -0.269133
0.955913 0.291662 0.0341458 35.0678 -0.291464 0.956557 -0.0109716 54.3394 -0.0358604 0.000533839 0.999377 -0.297387
0.947288 0.318817 0.0316823 35.376 -0.318623 0.947852 -0.0113724 54.2044 -0.033654 0.000676409 0.999454 -0.3126
0.939577 0.341275 0.0270346 35.8461 -0.340939 0.939978 -0.0165648 54.0825 -0.0310635 0.00634491 0.999518 -0.337472
0.932243 0.361375 0.0183948 36.1995 -0.360995 0.932363 -0.0212868 53.9047 -0.024842 0.0132022 0.999625 -0.343171
0.924492 0.381044 0.0113199 36.5161 -0.380775 0.924474 -0.02076 53.7004 -0.0183745 0.0148801 0.999741 -0.367047
0.915588 0.401948 0.0121486 36.8003 -0.401753 0.915648 -0.0159839 53.7197 -0.0175475 0.00975187 0.999819 -0.370565
0.907776 0.419095 0.0177511 37.2735 -0.418868 0.907956 -0.0153517 53.8847 -0.0225499 0.00649851 0.999745 -0.378935
0.900451 0.434456 0.0212278 37.6198 -0.434176 0.900711 -0.0167636 53.6527 -0.0264018 0.00587623 0.999654 -0.381
0.894205 0.447116 0.0224057 38.0315 -0.446778 0.894488 -0.0187427 53.4895 -0.0284203 0.00674752 0.999593 -0.389417
0.888594 0.458251 0.0206938 38.632 -0.457767 0.888778 -0.02436 53.1303 -0.0295537 0.0121712 0.999509 -0.40506
0.883796 0.467523 0.0187116 38.9437 -0.466996 0.883893 -0.0268032 52.8929 -0.0290687 0.0149483 0.999485 -0.412329
0.880253 0.474209 0.0175136 39.4854 -0.473645 0.880287 -0.0287399 52.5571 -0.0290442 0.0170011 0.999453 -0.431845
0.877674 0.478983 0.0171042 39.9113 -0.478445 0.87771 -0.0280523 52.28 -0.0284477 0.0164352 0.99948 -0.443827
0.874794 0.484293 0.015097 40.4615 -0.483731 0.874739 -0.030133 52.0318 -0.0277978 0.0190551 0.999452 -0.459572
0.871948 0.489421 0.0144622 40.9479 -0.488881 0.871883 -0.029777 51.7464 -0.0271814 0.0188914 0.999472 -0.472306
0.869713 0.493426 0.0129509 41.4495 -0.492846 0.869556 -0.0323529 51.3743 -0.0272239 0.0217526 0.999412 -0.493508
0.868087 0.496267 0.0135708 41.9741 -0.495696 0.867966 -0.0315048 51.0713 -0.0274124 0.0206195 0.999431 -0.50658
0.866601 0.498862 0.013468 42.5197 -0.498249 0.866444 -0.0330733 50.746 -0.0281669 0.0219485 0.999381 -0.521074
0.866376 0.499291 0.0121188 43.1257 -0.498614 0.866098 -0.0364561 50.4869 -0.0286969 0.0255395 0.999281 -0.541685
0.865451 0.500934 0.0103297 43.7072 -0.5002 0.865021 -0.0401197 50.0417 -0.0290314 0.029552 0.99916 -0.55785
0.866559 0.499029 0.00976875 44.281 -0.498271 0.866065 -0.0415625 49.7156 -0.0291999 0.0311462 0.999107 -0.576244
0.867344 0.497681 0.00897303 45.0307 -0.496889 0.866758 -0.0436242 49.2439 -0.029487 0.0333758 0.999026 -0.593996
0.869317 0.494249 0.00771287 45.5502 -0.493445 0.868621 -0.0456071 48.9502 -0.0292394 0.0358383 0.998948 -0.614839
0.871478 0.490438 0.00724615 46.2265 -0.489604 0.870701 -0.0473108 48.5833 -0.0295108 0.0376796 0.998872 -0.635828
0.87384 0.48619 0.00894625 46.8957 -0.485287 0.873096 -0.0476519 48.2513 -0.0309774 0.0372956 0.998842 -0.656938
0.875887 0.482462 0.0105833 47.5743 -0.481481 0.875167 -0.0482532 47.8522 -0.032541 0.0371655 0.998796 -0.677202
0.877609 0.479243 0.0138311 48.2153 -0.478209 0.877056 -0.046459 47.5056 -0.0343942 0.0341554 0.998842 -0.703454
0.879925 0.474951 0.0147262 48.9611 -0.473843 0.879352 -0.0477666 47.1367 -0.0356348 0.0350498 0.998767 -0.729049
0.881518 0.471952 0.0159176 49.6131 -0.47092 0.881089 -0.0445654 46.749 -0.035056 0.031786 0.998896 -0.747108
0.883021 0.469234 0.0126496 50.3905 -0.468323 0.882492 -0.0441639 46.3645 -0.0318849 0.0330702 0.998961 -0.759784
0.883637 0.468137 0.0101811 51.088 -0.467491 0.883232 -0.0377144 46.0016 -0.0266462 0.0285629 0.999253 -0.780847
0.88334 0.468724 0.00895236 51.8204 -0.468202 0.883002 -0.0341038 45.605 -0.0238887 0.0259304 0.999394 -0.802739
0.883586 0.468193 0.0120742 52.6821 -0.467727 0.883442 -0.0288355 45.2042 -0.0241659 0.0198279 0.999527 -0.821975
0.883006 0.469202 0.0150718 53.3829 -0.468705 0.882956 -0.0278124 44.8283 -0.0263558 0.0174909 0.999515 -0.832176
0.883316 0.468582 0.0161775 54.033 -0.468043 0.883279 -0.0286705 44.4803 -0.0277222 0.01775 0.999473 -0.844301
0.883653 0.467864 0.0184998 54.84 -0.467364 0.883722 -0.0259616 44.0796 -0.0284935 0.0142916 0.999506 -0.858155
0.883418 0.468292 0.018966 55.5149 -0.467795 0.883504 -0.0256086 43.7013 -0.0287471 0.0137476 0.999506 -0.871134
0.88342 0.468257 0.019751 56.3014 -0.467824 0.88356 -0.0230253 43.2691 -0.0282313 0.0110977 0.999554 -0.888166
0.883083 0.46883 0.0212188 57.0302 -0.468521 0.883304 -0.0181273 42.9003 -0.0272395 0.00606328 0.999624 -0.897423
0.881859 0.471101 0.0218712 57.7212 -0.470792 0.882098 -0.0179905 42.5915 -0.0277661 0.00556514 0.999612 -0.912525
0.880061 0.474333 0.024316 58.4979 -0.474047 0.880375 -0.0168632 42.1887 -0.0294043 0.00331058 0.999575 -0.930266
0.878246 0.477435 0.0288546 59.2918 -0.477231 0.878702 -0.0141112 41.7756 -0.03209 -0.00138025 0.999497 -0.944365
0.874115 0.484828 0.0309568 59.9746 -0.484624 0.874641 -0.0143676 41.4067 -0.0340402 -0.00244652 0.99943 -0.964691
0.871036 0.490192 0.0332095 60.6837 -0.490108 0.871625 -0.011278 41.0018 -0.0344729 -0.00645569 0.999397 -0.978989
0.866002 0.499183 0.03089 61.3803 -0.499003 0.866524 -0.0139252 40.6581 -0.0337164 -0.00335806 0.999438 -0.993715
0.861501 0.506927 0.0306636 62.1533 -0.506766 0.862014 -0.013465 40.1774 -0.0332564 -0.00394223 0.999451 -1.01409
0.856487 0.515286 0.0318017 62.7897 -0.515128 0.857039 -0.0136925 39.8182 -0.0343091 -0.00465755 0.999412 -1.03412
0.85173 0.522958 0.0342542 63.5095 -0.522875 0.852358 -0.0121267 39.3846 -0.0355369 -0.00758505 0.999351 -1.04986
0.844084 0.535249 0.0336809 64.1872 -0.535068 0.844711 -0.0150125 38.9819 -0.0364843 -0.00535287 0.999332 -1.069
0.838457 0.543992 0.0341656 64.839 -0.54387 0.839093 -0.0136849 38.5207 -0.0361108 -0.00711051 0.999334 -1.08766
0.832458 0.553192 0.0331563 65.5238 -0.553038 0.833064 -0.0145843 38.1452 -0.0356874 -0.00619898 0.999355 -1.10473
0.826419 0.562251 0.0318326 66.2061 -0.562079 0.826981 -0.0150607 37.6359 -0.034791 -0.00544919 0.999391 -1.12339
0.820503 0.570871 0.0314951 66.7539 -0.570715 0.821052 -0.0147252 37.2672 -0.0342634 -0.00589577 0.999407 -1.13833
0.814909 0.578905 0.0300673 67.39 -0.57872 0.815414 -0.0155365 36.7961 -0.0335094 -0.00474293 0.999439 -1.15568
0.80952 0.586373 0.0309456 67.9818 -0.586251 0.810045 -0.0139428 36.3775 -0.0332411 -0.00685806 0.999435 -1.17106
0.803356 0.594805 0.030657 68.5297 -0.594671 0.803875 -0.0144425 35.983 -0.0332329 -0.00663149 0.999437 -1.18493
0.798247 0.601663 0.0303334 69.1404 -0.601481 0.798764 -0.0159366 35.4972 -0.0338157 -0.0055269 0.999424 -1.19889
0.79417 0.606962 0.0317405 69.816 -0.606777 0.794738 -0.0164162 35.0203 -0.0351875 -0.00622537 0.999373 -1.21824
0.790619 0.611664 0.0301045 70.3366 -0.611232 0.791149 -0.0231131 34.6195 -0.0379527 -0.000130784 0.99929 -1.23298
0.788531 0.614357 0.0300181 70.9421 -0.613824 0.789057 -0.0257713 34.1826 -0.0395168 0.00189186 0.999228 -1.24629
0.787234 0.616054 0.0292967 71.4261 -0.615389 0.787719 -0.0291294 33.7291 -0.0410209 0.00489882 0.999157 -1.26591
0.786605 0.61685 0.0294665 72.0683 -0.616118 0.787088 -0.0307334 33.3016 -0.0421487 0.00601623 0.999103 -1.28953
0.785948 0.617736 0.0284283 72.5446 -0.616968 0.78638 -0.0317618 32.8982 -0.0419738 0.00741968 0.999101 -1.30678
0.787336 0.616028 0.0270657 73.0384 -0.61528 0.787711 -0.0315136 32.5581 -0.0407311 0.00815472 0.999146 -1.32148
0.789409 0.613454 0.0251002 73.5088 -0.612706 0.789698 -0.0319164 32.1448 -0.0393986 0.00981195 0.999184 -1.33231
0.790301 0.612345 0.0241306 74.0749 -0.611585 0.790544 -0.0324463 31.7304 -0.0389424 0.0108802 0.999191 -1.35316
0.795152 0.606057 0.0235469 74.5297 -0.605304 0.795365 -0.03238 31.3783 -0.0383502 0.0114898 0.999206 -1.37024
0.802004 0.596946 0.0239398 74.9959 -0.596227 0.802235 -0.0312652 31.0236 -0.0378667 0.0107971 0.999232 -1.38328
0.811566 0.583861 0.0244301 75.5174 -0.583172 0.811814 -0.0301977 30.6935 -0.0374617 0.0102563 0.999253 -1.39353
0.819396 0.572866 0.0234021 75.9789 -0.572218 0.819606 -0.0292254 30.398 -0.0359204 0.010552 0.999306 -1.40106
0.832403 0.553915 0.0204929 76.4785 -0.553316 0.832504 -0.0285732 30.0814 -0.032885 0.0124413 0.999388 -1.41531
0.845626 0.533587 0.0184539 76.9437 -0.533091 0.845682 -0.0259025 29.7694 -0.0294248 0.0120623 0.9995 -1.42283
0.859253 0.511354 0.0185367 77.4208 -0.510939 0.859332 -0.0228626 29.6164 -0.0276175 0.0101698 0.999572 -1.43124
0.87536 0.483269 0.0184774 77.898 -0.482858 0.875426 -0.0225103 29.4116 -0.0270516 0.0107789 0.99958 -1.44771
0.892717 0.45036 0.0195221 78.4154 -0.449883 0.892774 -0.0242299 29.2379 -0.0283384 0.0128438 0.99952 -1.47065
0.911325 0.411134 0.0246461 78.9106 -0.410681 0.911548 -0.0211108 29.0033 -0.0311431 0.00911329 0.999477 -1.46873
0.928306 0.370888 0.0290778 79.4656 -0.370385 0.928654 -0.0209178 28.8312 -0.0347593 0.00864421 0.999361 -1.48273
0.944678 0.326456 0.0341702 79.8693 -0.325902 0.945193 -0.0204011 28.7427 -0.0389556 0.00813219 0.99921 -1.48863
0.961037 0.274248 0.0368166 80.4093 -0.273733 0.961647 -0.0179521 28.6305 -0.0403261 0.00717056 0.999162 -1.49176
0.974839 0.220053 0.0377513 80.9048 -0.219516 0.975464 -0.0172983 28.5893 -0.0406298 0.00857183 0.999138 -1.51147
0.986502 0.160289 0.0357923 81.4425 -0.159622 0.986982 -0.0200601 28.5509 -0.0385397 0.0140716 0.999158 -1.50891
0.99498 0.0961641 0.0304449 81.9418 -0.0954642 0.995183 -0.0226936 28.54 -0.0324778 0.0196686 0.999278 -1.51096
0.999372 0.0279173 0.0251806 82.4189 -0.0272728 0.999345 -0.024211 28.5764 -0.0258367 0.0235044 0.999389 -1.51532
0.998996 -0.0418162 0.0202783 82.9394 0.0423434 0.99882 -0.0242518 28.6406 -0.0192364 0.0250816 0.999498 -1.52561
0.993878 -0.109765 0.0175287 83.3371 0.110193 0.993664 -0.0227427 28.7147 -0.0149172 0.0245307 0.999585 -1.53974
0.983774 -0.179111 0.0158148 83.8314 0.179482 0.983526 -0.0222535 28.8728 -0.0115641 0.0247267 0.999624 -1.55636
0.968928 -0.247171 0.01489 84.2927 0.247536 0.968561 -0.0255732 28.9908 -0.0080963 0.02846 0.999558 -1.57261
0.949438 -0.31353 0.0198873 84.7289 0.314007 0.949144 -0.0238928 29.1156 -0.0113804 0.028925 0.999511 -1.56433
0.926178 -0.376458 0.0243862 85.1221 0.377044 0.925942 -0.0228625 29.3265 -0.0139693 0.0303647 0.999435 -1.57648
0.898849 -0.437328 0.0304688 85.5655 0.438039 0.89878 -0.0194507 29.5634 -0.0188746 0.030825 0.99934 -1.56547
0.869162 -0.493381 0.0351937 85.9817 0.49418 0.869247 -0.0163064 29.8081 -0.0225433 0.0315599 0.99924 -1.57343
0.839986 -0.541305 0.0388738 86.3525 0.542133 0.84025 -0.0121827 30.0773 -0.026066 0.031303 0.999162 -1.56252
0.810507 -0.58443 0.0401609 86.6434 0.585226 0.810875 -0.00874999 30.3126 -0.0274486 0.0305901 0.999146 -1.5531
0.785423 -0.617842 0.0383435 86.9757 0.618417 0.785905 -0.00196004 30.6381 -0.0289205 0.025247 0.999253 -1.55519
0.761275 -0.647627 0.0335294 87.3007 0.648063 0.761649 -0.000409378 30.9791 -0.0252694 0.0220364 0.999427 -1.56488
0.740533 -0.671406 0.0301108 87.6922 0.6718 0.740798 -0.00129988 31.2602 -0.0214298 0.0211867 0.999534 -1.60352
0.723312 -0.689792 0.0329634 87.9539 0.690339 0.723539 -0.00499629 31.5273 -0.0204004 0.0263652 0.999432 -1.60348
0.713188 -0.700116 0.0357939 88.2591 0.700769 0.713434 -0.00614851 31.9076 -0.0212284 0.0294635 0.999327 -1.60461
0.703558 -0.709887 0.0338589 88.5767 0.710451 0.703806 -0.0043949 32.2601 -0.0207067 0.0271425 0.999403 -1.59072
0.69746 -0.716057 0.0298642 88.9679 0.716432 0.697732 0.000103616 32.6988 -0.0209079 0.021319 0.999539 -1.60224
0.692802 -0.720761 0.0247057 89.2532 0.720973 0.693029 0.0034845 33.1002 -0.0196297 0.0153941 0.999673 -1.60318
0.692047 -0.721674 0.018472 89.554 0.721803 0.692165 0.00349451 33.4608 -0.0153037 0.0109111 0.999807 -1.61475
0.691497 -0.722293 0.0144744 89.9908 0.72238 0.691561 0.00362665 33.8972 -0.0126253 0.00794466 0.999872 -1.62268
0.692637 -0.721203 0.0143981 90.2802 0.721338 0.692656 -0.00101736 34.2436 -0.00923478 0.0110869 0.999878 -1.6414
0.695757 -0.718222 0.0130002 90.7346 0.718382 0.69567 -0.00843323 34.7392 -0.00298202 0.0152029 0.999861 -1.63763
0.698907 -0.715218 0.00909581 91.2148 0.715322 0.698785 -0.0105998 35.2017 0.00123043 0.0139111 0.999883 -1.63939
0.702735 -0.711507 0.00393145 91.6079 0.711562 0.702676 -0.00483703 35.605 0.000684224 0.0061933 0.99996 -1.63131
0.706929 -0.707345 0.00323941 92.0005 0.707388 0.706891 0.00120892 36.0166 -0.0031402 0.0014338 0.999972 -1.63014
0.710144 -0.704089 0.00730574 92.4731 0.704121 0.710134 0.00412833 36.5108 -0.00809036 0.00220934 0.999942 -1.63695
0.712764 -0.701333 0.0141542 92.8869 0.701372 0.712837 0.00575844 36.9048 -0.0141243 0.00581981 0.999859 -1.63974
0.715317 -0.698584 0.0201189 93.3424 0.698641 0.7155 0.00719198 37.3343 -0.0194158 0.00890814 0.999747 -1.645
0.716928 -0.696799 0.0243132 93.7902 0.69697 0.717154 0.00373104 37.7733 -0.0200328 0.0142674 0.999672 -1.65627
0.717959 -0.695639 0.0269969 94.2625 0.695983 0.718113 -0.00312263 38.2612 -0.017211 0.0210278 0.999604 -1.67135
0.717405 -0.696325 0.0238562 94.8062 0.696689 0.717369 -0.00973544 38.7608 -0.0103305 0.023601 0.99964 -1.66964
0.716473 -0.697405 0.0200689 95.3021 0.697711 0.716288 -0.0147362 39.2194 -0.00409337 0.0245567 0.999661 -1.67665
0.7156 -0.698474 0.0127138 95.7853 0.698618 0.715433 -0.0131783 39.7325 0.000113805 0.0183089 0.999803 -1.66589
0.71283 -0.701347 0.00989415 96.3466 0.701433 0.712778 -0.0048015 40.2312 -0.00368004 0.0103594 0.999909 -1.67532
0.711609 -0.702425 0.0180066 96.8502 0.702589 0.711651 -0.00207306 40.7625 -0.0113541 0.0141232 0.999804 -1.6746
0.709144 -0.704742 0.0238099 97.3834 0.704961 0.709304 0.000222498 41.2636 -0.0170417 0.0166241 0.999683 -1.68739
0.707088 -0.7068 0.0239584 97.901 0.707035 0.707235 -0.000607558 41.8327 -0.0165111 0.0173658 0.999678 -1.68465
0.706342 -0.707644 0.0208871 98.4453 0.707855 0.706409 -0.00266292 42.357 -0.0128665 0.0166627 0.999743 -1.68511
0.704242 -0.709877 0.0152908 98.9798 0.710021 0.704219 -0.00484042 42.9086 -0.00732753 0.0142624 0.999834 -1.69506
0.701621 -0.712483 0.0146139 99.5152 0.712635 0.701538 -0.00848103 43.4618 -0.00420495 0.0163615 0.999819 -1.70061
0.699343 -0.714739 0.0136843 100.063 0.714866 0.699284 -0.00656718 44.0536 -0.00487072 0.0143719 0.999845 -1.70371
0.696151 -0.717755 0.0179028 100.666 0.717953 0.696106 -0.00729867 44.6327 -0.00721923 0.0179312 0.999771 -1.70462
0.694656 -0.719161 0.0195355 101.206 0.71937 0.694659 -0.00533945 45.1884 -0.00972644 0.0177593 0.999752 -1.70878
0.693653 -0.719963 0.0249139 101.778 0.720304 0.693668 -0.00757188 45.7906 -0.0118267 0.0231949 0.999616 -1.71903
0.693754 -0.719694 0.0294767 102.344 0.720177 0.69377 -0.00980377 46.3994 -0.0133908 0.0280271 0.999471 -1.72219
0.692483 -0.720675 0.0349127 102.897 0.721364 0.692491 -0.0125249 46.9807 -0.0151471 0.0338554 0.999264 -1.72871
0.692337 -0.721099 0.0284678 103.502 0.721527 0.692387 -0.00801169 47.5719 -0.0139299 0.0260843 0.999513 -1.72988
0.693643 -0.720005 0.024039 104.025 0.720324 0.693634 -0.00823278 48.1799 -0.0107426 0.0230236 0.999626 -1.73194
0.694362 -0.719544 0.0156897 104.629 0.719654 0.694372 -0.0025211 48.8117 -0.00907601 0.0130386 0.999821 -1.73661
0.695307 -0.718712 0.0113409 105.203 0.718727 0.695328 0.0028908 49.4192 -0.00995862 0.0061377 0.999878 -1.73538
0.69715 -0.716944 0.0101085 105.818 0.716908 0.697175 0.00677971 49.9947 -0.0119034 0.00251712 0.99987 -1.74501
0.699607 -0.714576 0.00775963 106.486 0.714513 0.699606 0.008717 50.6105 -0.0116529 -0.000557481 0.999875 -1.75803
0.701652 -0.712568 0.00798993 107.022 0.71254 0.70165 0.00515307 51.3067 -0.00927316 0.00207418 0.999896 -1.74981
0.703107 -0.71103 0.0144648 107.618 0.711094 0.703132 -0.000467924 51.906 -0.00983346 0.0106119 0.999835 -1.76318
0.70245 -0.711587 0.0184997 108.245 0.711744 0.702457 -0.00463691 52.49 -0.00969141 0.0164216 0.999756 -1.75464
0.705523 -0.70849 0.0203856 108.743 0.708692 0.705524 -0.00607864 52.9919 -0.0100717 0.0187332 0.99971 -1.73931
0.704771 -0.709219 0.0210841 109.398 0.70939 0.704843 -0.00247649 53.6457 -0.0131007 0.0166998 0.99971 -1.73949
0.705069 -0.708964 0.0196652 110.044 0.70897 0.705238 0.00669379 54.3288 -0.0186104 0.00921991 0.999718 -1.74444
0.705114 -0.708898 0.0204346 110.666 0.708818 0.705334 0.0111289 54.9541 -0.0222987 0.00663481 0.999661 -1.76618
0.706479 -0.707664 0.0155537 111.299 0.707655 0.706567 0.00526543 55.6246 -0.0147115 0.00728399 0.999796 -1.80808
0.707713 -0.70653 0.0101087 111.862 0.706574 0.7076 -0.00977663 56.1551 -0.000240194 0.0140585 0.99983 -1.82618
0.707043 -0.707224 0.00842244 112.496 0.707221 0.706832 -0.0163278 56.7774 0.00559962 0.0174978 0.999759 -1.75979
0.705222 -0.708944 0.0144458 113.074 0.709052 0.705112 -0.010047 57.3773 -0.00305837 0.0173255 0.999771 -1.74573
0.705204 -0.708585 0.0272913 113.63 0.708726 0.705497 0.00424879 57.9765 -0.0222614 0.0163442 0.999543 -1.76091
0.703669 -0.709477 0.0405636 114.268 0.709678 0.704471 0.0107033 58.6295 -0.0361678 0.0212551 0.999043 -1.79981
0.703182 -0.710164 0.0368274 114.828 0.710401 0.703785 0.00723129 59.1858 -0.0310517 0.0210766 0.999217 -1.81908
0.703353 -0.71061 0.0220234 115.37 0.710744 0.703475 -0.000161574 59.7732 -0.0153742 0.0157645 0.999678 -1.82361
0.70283 -0.7113 0.015521 115.976 0.711388 0.702806 -0.00494883 60.3962 -0.00738345 0.014517 0.999786 -1.8406
0.701414 -0.712699 0.015431 116.561 0.712789 0.70138 -0.00554419 60.9953 -0.00686692 0.0148852 0.999783 -1.8356
0.699517 -0.714548 0.0160958 117.146 0.714641 0.699497 -0.00487382 61.5977 -0.00777179 0.0149095 0.999775 -1.83198
0.696828 -0.7171 0.0190624 117.699 0.717271 0.696764 -0.00867644 62.2241 -0.00705576 0.0197167 0.999695 -1.82293
0.693762 -0.720091 0.0181595 118.238 0.720249 0.69367 -0.0097555 62.7405 -0.0055674 0.0198452 0.999701 -1.81659
0.691845 -0.721993 0.0156797 118.856 0.722095 0.691768 -0.00820357 63.3618 -0.00491905 0.0169953 0.999755 -1.80928
0.690044 -0.72381 0.0104175 119.399 0.723814 0.690011 -0.00293759 63.9788 -0.0050567 0.00956421 0.999852 -1.80585
0.688266 -0.725464 0.012801 119.961 0.725483 0.688259 -0.00183305 64.5943 -0.00747567 0.0105457 0.999826 -1.7982
0.686753 -0.726887 0.0134633 120.491 0.726864 0.686796 0.00297791 65.1885 -0.0114063 0.00773805 0.999813 -1.80977
0.686018 -0.727562 0.0145019 121.087 0.727553 0.686068 0.00240535 65.7773 -0.0116946 0.00889813 0.999799 -1.80472
0.683936 -0.729537 0.0136925 121.616 0.729546 0.683952 -0.00021597 66.4123 -0.00920259 0.0101343 0.999812 -1.80016
0.681334 -0.731902 0.0169239 122.157 0.732013 0.681263 -0.00805051 67.0037 -0.00563288 0.0178715 0.999729 -1.79686
0.676503 -0.736441 0.0135423 122.718 0.736493 0.676422 -0.00764288 67.6131 -0.00352689 0.0151418 0.999782 -1.7917
0.671758 -0.740712 0.0165672 123.253 0.74079 0.671742 -0.00442028 68.1985 -0.00785017 0.01524 0.999755 -1.79342
0.666674 -0.745052 0.0251602 123.76 0.745214 0.666844 0.000381753 68.7707 -0.0170588 0.0184943 0.999584 -1.7773
0.663195 -0.747975 0.0299717 124.326 0.748073 0.663594 0.00746444 69.3682 -0.0254693 0.0174703 0.999422 -1.7947
0.659599 -0.751144 0.0301206 124.846 0.751128 0.66007 0.011751 69.9988 -0.0287055 0.0148732 0.999375 -1.8051
0.656775 -0.753679 0.0284836 125.345 0.753712 0.65716 0.0090518 70.6062 -0.0255373 0.0155229 0.99945 -1.80069
0.652055 -0.757871 0.0256199 125.874 0.75806 0.652202 -0.000866962 71.2836 -0.0160488 0.019986 0.999567 -1.79721
0.64732 -0.761993 0.0233773 126.42 0.762226 0.647273 -0.00841312 71.8704 -0.00871691 0.0232639 0.999586 -1.83048
0.642187 -0.766379 0.0215293 126.898 0.766557 0.642155 -0.00694322 72.5025 -0.0084999 0.020961 0.999637 -1.83972
0.635879 -0.771709 0.0181988 127.445 0.77175 0.635942 0.000695514 73.1764 -0.0121057 0.0136008 0.999726 -1.84648
0.629901 -0.776662 0.0152164 127.937 0.776656 0.629939 0.00160677 73.8386 -0.0108285 0.0108035 0.999774 -1.8296
0.622944 -0.782358 0.00841034 128.449 0.782306 0.62291 -0.000307264 74.5038 -0.00499285 0.00676747 0.999854 -1.81694
0.616066 -0.787782 0.00881414 128.956 0.787748 0.615995 -0.00474821 75.1299 -0.00168331 0.00986532 0.999838 -1.8338
0.609889 -0.792555 0.0104763 129.484 0.792533 0.609834 -0.00356095 75.7796 -0.0035612 0.0104717 0.999825 -1.83712
0.60304 -0.797738 0.0133568 129.968 0.797701 0.603063 0.00254441 76.4823 -0.0100798 0.00911794 0.999793 -1.8395
0.595659 -0.803264 0.0134663 130.457 0.803147 0.595729 0.00888283 77.2148 -0.0151526 0.00552189 0.999754 -1.84183
0.589069 -0.808084 0.0149171 130.949 0.807921 0.58918 0.0121197 77.8541 -0.0185779 0.00491037 0.999698 -1.83916
0.583279 -0.812267 0.0153078 131.448 0.812054 0.58341 0.014725 78.5594 -0.0208867 0.00384001 0.999655 -1.83696
0.579758 -0.814798 0.0146233 131.927 0.814603 0.57987 0.0136947 79.1768 -0.0196333 0.00397058 0.999679 -1.83885
0.57649 -0.817188 0.00969247 132.399 0.817015 0.576512 0.0116476 79.9015 -0.0151007 0.00120128 0.999763 -1.82236
0.573503 -0.819343 0.00184455 132.856 0.81921 0.573437 0.00887549 80.5317 -0.00832337 -0.00358333 0.999836 -1.83056
0.571503 -0.820742 -0.00129427 133.305 0.820634 0.571424 0.00691588 81.2388 -0.00492973 -0.00501936 0.999851 -1.84884
0.568332 -0.822943 -0.000593378 133.729 0.822774 0.568213 0.0138095 81.9176 -0.0110206 -0.00834126 0.999778 -1.83301
0.56593 -0.824594 0.00254915 134.229 0.824226 0.56576 0.0240619 82.5916 -0.0212773 -0.0115203 0.99958 -1.8417
0.562991 -0.826585 0.0062597 134.669 0.826022 0.562845 0.030068 83.3066 -0.0283713 -0.0117606 0.999399 -1.85554
0.559427 -0.828999 0.00670208 135.085 0.828526 0.559331 0.0265255 83.9485 -0.0257327 -0.00928923 0.999495 -1.86008
0.555947 -0.831238 0.0145096 135.591 0.831086 0.556045 0.0109474 84.6622 -0.0171631 0.00597151 0.999703 -1.84764
0.550346 -0.834999 0.0119157 136.027 0.834911 0.550369 0.00510228 85.3428 -0.0108133 0.00713918 0.999783 -1.8801
0.544942 -0.8386 0.00605328 136.511 0.838436 0.544916 0.0100026 86.059 -0.0116808 -0.000378213 0.999797 -1.88406
0.538497 -0.842721 0.00953392 136.882 0.842498 0.538522 0.014123 86.672 -0.0170305 0.000425298 0.999719 -1.90302
0.531311 -0.847141 0.0176714 137.345 0.846975 0.531482 0.0129335 87.4282 -0.0203442 0.00809564 0.999623 -1.90168
0.525822 -0.850333 0.0264314 137.803 0.850283 0.526184 0.012451 88.1411 -0.0244921 0.0159293 0.999434 -1.92586
0.520885 -0.853149 0.0327183 138.28 0.853315 0.521327 0.00874024 88.8775 -0.0245112 0.02337 0.999286 -1.92217
0.51457 -0.856526 0.042869 138.696 0.857298 0.514804 -0.00467117 89.6822 -0.0180669 0.0391614 0.998929 -1.90087
0.509278 -0.859668 0.0431968 139.116 0.860602 0.509029 -0.0160253 90.3253 -0.00821065 0.045343 0.998796 -1.91109
0.503806 -0.863007 0.04074 139.593 0.863848 0.50337 -0.019685 91.0607 -0.00351727 0.0451165 0.998833 -1.92957
0.497689 -0.866711 0.0371627 139.981 0.86734 0.497613 -0.0102371 91.777 -0.00961793 0.0373325 0.999112 -1.93928
0.493026 -0.869421 0.0360259 140.432 0.869768 0.493436 0.00512978 92.5478 -0.0222343 0.0288096 0.999192 -1.95189
0.488687 -0.871845 0.0365907 140.86 0.871975 0.489351 0.0140661 93.3147 -0.0301671 0.0250369 0.999085 -1.95047
0.487349 -0.872501 0.0387814 141.277 0.872763 0.48801 0.0115599 93.9717 -0.02901 0.0282185 0.999034 -1.93481
0.48597 -0.873514 0.0328299 141.721 0.873797 0.486277 0.00395244 94.7335 -0.0194142 0.0267698 0.999306 -1.9176
0.483062 -0.875487 0.0211636 142.015 0.87557 0.483092 -0.000704198 95.4867 -0.00960304 0.0188714 0.999628 -1.93732
0.481401 -0.876541 0.0143386 142.46 0.876521 0.481361 -0.00179946 96.2729 -0.00531939 0.0134337 0.999747 -1.95365
0.48038 -0.877 0.0196367 142.896 0.87705 0.480401 -0.000372398 97.023 -0.00910226 0.017402 0.999657 -1.97177
0.479326 -0.87742 0.0257493 143.291 0.877505 0.479538 0.00559502 97.7884 -0.0172532 0.0199156 0.999502 -1.99653
0.47848 -0.877902 0.0250667 143.709 0.877829 0.478806 0.0127784 98.5858 -0.0232164 0.0158922 0.999453 -1.99583
0.475825 -0.879167 0.0307038 144.052 0.87926 0.476235 0.0102367 99.3355 -0.0236188 0.0221294 0.999324 -1.98201
0.475612 -0.879179 0.0335446 144.483 0.879556 0.475799 -0.000516073 100.05 -0.0155039 0.0297543 0.999284 -1.97733
0.473623 -0.880274 0.0330027 144.911 0.880752 0.47342 -0.0123325 100.832 -0.00476513 0.0349126 0.999225 -1.97049
0.471844 -0.881246 0.0326113 145.341 0.88172 0.471436 -0.0179455 101.648 0.000443371 0.0372259 0.999153 -1.99437
0.471247 -0.881613 0.0313176 145.679 0.882031 0.471035 -0.0123301 102.296 -0.00387802 0.0334377 0.999279 -1.97354
0.469368 -0.882572 0.0325607 146.087 0.882932 0.469504 -0.00158523 103.082 -0.0138852 0.0294972 0.999313 -1.99388
0.468319 -0.883048 0.0347442 146.501 0.883421 0.468584 0.00160333 103.85 -0.0176936 0.0299478 0.99924 -1.99498
0.46718 -0.883487 0.0387257 146.902 0.884069 0.467355 -0.00310526 104.604 -0.0153529 0.0356929 0.99909 -1.97186
0.46818 -0.882912 0.0397928 147.256 0.883624 0.468092 -0.0104247 105.338 -0.00942041 0.0400487 0.998998 -1.96864
0.467963 -0.883482 0.0279821 147.633 0.883753 0.467931 -0.0057272 106.1 -0.00802991 0.0274123 0.999436 -1.9873
0.467175 -0.883886 0.0284698 148.047 0.884137 0.467234 -0.00246111 106.836 -0.0111229 0.026324 0.999436 -1.99147
0.466708 -0.884157 0.0277622 148.403 0.884337 0.466861 0.00166251 107.584 -0.014427 0.0237781 0.999457 -1.98979
0.466468 -0.884443 0.0222116 148.82 0.884418 0.466651 0.0075377 108.314 -0.0170269 0.0161296 0.999569 -2.00136
0.46557 -0.884906 0.0226329 149.189 0.884879 0.465769 0.00802763 109.054 -0.0176406 0.0162914 0.999555 -1.98763
0.465723 -0.884799 0.0237339 149.55 0.884863 0.465857 0.00341928 109.755 -0.0140773 0.0194106 0.999556 -1.98333
0.464817 -0.885386 0.0192997 149.907 0.885407 0.464835 -6.95934e-05 110.457 -0.00890428 0.0171211 0.999658 -1.98659
0.463316 -0.886253 0.0152632 150.364 0.886189 0.463337 0.0026449 111.303 -0.00941016 0.0123002 0.999724 -1.97871
0.461746 -0.88695 0.0213083 150.719 0.886852 0.461956 0.0104471 111.985 -0.0191044 0.0140746 0.999562 -1.97609
0.459013 -0.888182 0.0280652 151.066 0.888024 0.459491 0.0173895 112.681 -0.0283364 0.0169438 0.999299 -1.97749
0.458418 -0.888329 0.0328226 151.442 0.88831 0.458999 0.0157017 113.354 -0.0290101 0.0219633 0.999182 -2.01289
0.458599 -0.888339 0.0299391 151.791 0.888372 0.459009 0.0113265 114.007 -0.0237999 0.0214065 0.999332 -1.99144
0.459443 -0.887945 0.0287438 152.114 0.888065 0.459707 0.0058417 114.674 -0.0183965 0.0228459 0.999414 -2.01097
0.460458 -0.887631 0.0213138 152.411 0.887641 0.460554 0.00318738 115.314 -0.01264 0.0174526 0.999612 -2.00574
0.460713 -0.887332 0.0274388 152.765 0.887556 0.460707 -0.00444445 115.959 -0.00869314 0.0264043 0.999457 -2.00948
0.463829 -0.885618 0.0302656 153.009 0.885966 0.463648 -0.011103 116.53 -0.00419568 0.0319683 0.999324 -2.0018
0.468551 -0.883192 0.0284075 153.257 0.883478 0.468386 -0.0104784 117.068 -0.00404707 0.0300106 0.999385 -1.98811
0.47246 -0.881008 0.0314131 153.621 0.881342 0.472486 -0.00494616 117.734 -0.0104807 0.0300269 0.999337 -1.96547
0.477113 -0.878629 0.0275406 154.012 0.878678 0.477394 0.00728485 118.367 -0.0195436 0.0207267 0.999437 -1.98157
0.482234 -0.875884 0.0258147 154.368 0.875778 0.482581 0.0127403 118.95 -0.0236114 0.0164666 0.999428 -1.99635
0.48798 -0.872719 0.0250662 154.618 0.872636 0.488283 0.0110521 119.566 -0.0218794 0.0164827 0.999467 -2.00865
0.494323 -0.869242 0.0214098 155 0.869215 0.494452 0.00441603 120.194 -0.014419 0.016428 0.999603 -2.01639
0.500985 -0.865462 0.0197017 155.279 0.865492 0.500941 -0.00449579 120.73 -0.00597276 0.0193049 0.999638 -2.01404
0.507158 -0.86199 0.0129167 155.592 0.86191 0.50707 -0.00569466 121.23 -0.00163432 0.01402 0.999742 -2.00173
0.513496 -0.858219 0.0137454 155.931 0.858144 0.513433 -0.00417046 121.842 -0.00347165 0.0139362 0.999738 -1.99639
0.518731 -0.854961 0.0192502 156.263 0.854943 0.518766 -0.000295812 122.386 -0.0097275 0.0166121 0.999656 -1.98175
0.523622 -0.851742 0.0277439 156.651 0.851873 0.523792 0.00102347 122.952 -0.0153989 0.0231018 0.999455 -1.99787
0.528354 -0.848649 0.0324773 156.984 0.848912 0.528579 3.14005e-05 123.442 -0.0171893 0.0275588 0.999313 -1.99051
0.531317 -0.846769 0.0332443 157.343 0.847044 0.53157 0.000455318 123.998 -0.018053 0.0279227 0.999287 -1.99332
0.532202 -0.846359 0.0293627 157.632 0.846465 0.532476 0.00413524 124.473 -0.0191299 0.0226576 0.9994 -2.00991
0.531618 -0.846689 0.0304807 158.014 0.84677 0.531969 0.00653627 125.024 -0.021744 0.0223395 0.999354 -2.01394
0.53092 -0.847028 0.033193 158.341 0.847128 0.531374 0.0083033 125.582 -0.0246663 0.0237154 0.999254 -2.01314
0.531392 -0.846847 0.0301743 158.691 0.846789 0.531848 0.0119283 126.2 -0.0261442 0.0192166 0.999312 -2.03893
0.531452 -0.847126 0.0194364 159.057 0.846899 0.531662 0.0124054 126.795 -0.0208355 0.00986821 0.999573 -2.04826
0.530474 -0.847906 0.00990856 159.406 0.84768 0.530498 0.00819108 127.331 -0.0121936 0.00405155 0.999756 -2.07102
0.52929 -0.848639 0.010614 159.707 0.848499 0.529249 -0.00181395 127.848 -0.00407061 0.00996415 0.99978 -2.06288
0.526366 -0.850397 0.0147944 160.048 0.850326 0.526242 -0.00851437 128.384 -0.000538386 0.0170615 0.999692 -2.04173
0.523309 -0.852301 0.0137686 160.411 0.852183 0.523302 -0.000157254 129.028 -0.00706396 0.0118148 0.999742 -2.02954
0.519573 -0.854546 0.0160808 160.758 0.854284 0.519716 0.0124553 129.636 -0.0189935 0.00726571 0.99963 -2.02922
0.515154 -0.856952 0.0267868 161.128 0.856549 0.515662 0.0218616 130.19 -0.0325406 0.0116851 0.999239 -2.05391
0.511227 -0.858891 0.0377704 161.493 0.858539 0.512191 0.0251862 130.82 -0.0409724 0.0195584 0.998805 -2.07324
0.509364 -0.860049 0.0366163 161.805 0.859709 0.510266 0.0243396 131.42 -0.0396117 0.0190882 0.998869 -2.08374
